99	100
X	Y	Species	Type	Diam	Height
57.2845	284.272	4	3	170.829	29.1577
227.259	11.1737	7	3	170.5	30.7863
202.379	8.59815	1	3	168.501	24.7994
80.4482	81.8	8	3	162.16	33.5645
279.475	272.202	6	3	160.706	38.2253
237.098	240.868	4	3	159.398	29.0159
251.968	230.077	0	3	158.757	25.6989
59.3189	52.9112	4	3	157.634	28.9902
284.774	25.6775	6	3	152.757	38.1723
7.41252	211.166	6	3	149.937	38.1498
78.1379	145.464	6	3	148.272	38.1356
233.122	114.329	4	3	147.15	28.813
114.035	109.449	4	3	144.466	28.7599
261.832	66.3526	4	3	142.496	28.7186
220.249	182.178	4	3	138.156	28.6205
73.4546	137.529	4	3	135.209	28.5477
218.34	111.251	3	3	134.806	34.3161
63.0448	138.634	4	3	130.857	28.4301
205.109	130.286	3	3	130.732	34.2721
276.855	202.123	7	3	127.16	30.7036
69.5236	146.239	4	3	127.053	28.3167
68.4391	118.129	7	3	124.782	30.6927
245.056	84.4969	4	3	121.512	28.1314
247.218	55.5109	4	3	121.079	28.1159
125.654	279.207	4	3	119.398	28.0539
219.799	248.251	4	3	119.245	28.0481
269.792	170.138	3	3	118.586	34.0964
20.3604	2.37892	4	3	117.819	27.9933
66.9279	97.6882	4	3	116.836	27.9544
21.235	89.9648	7	3	115.583	30.6377
30.205	185.668	4	3	113.639	27.8213
24.2313	14.3904	3	3	112.347	33.9722
273.364	158.132	4	3	111.904	27.7446
147.648	235.786	3	3	110.67	33.9339
146.432	66.9468	3	3	109.981	33.9175
250.591	111.06	3	3	109.966	33.9171
138.645	75.0174	4	3	109.715	27.6431
166.451	90.2849	3	3	109.619	33.9087
222.8	157.201	4	3	109.548	27.6351
216.498	17.6541	4	3	109.497	27.6327
180.474	10.8175	7	3	109.25	30.5842
136.113	194.336	7	3	109.237	30.5841
55.6964	294.932	4	3	107.89	27.5543
267.998	280.394	3	3	107.711	33.8605
129.157	35.9936	3	3	105.82	33.8094
286.205	212.243	4	3	103.527	27.3251
120.684	212.536	7	3	102.56	30.5084
148.213	158.921	3	3	102.128	33.6992
91.4581	182.717	4	3	101.47	27.2083
291.254	295.314	6	3	101.113	37.1264
156.008	3.65609	4	3	100.695	27.1628
96.4984	298.728	4	3	100.559	27.1547
157.034	236.53	7	3	100.334	30.4777
97.979	5.25733	4	3	99.3532	27.0819
212.776	268.886	2	3	97.0892	23.1518
65.3147	277.145	4	3	96.9539	26.9305
271.541	70.19	4	3	96.9466	26.9301
147.917	222.217	4	3	96.3067	26.8882
233.516	123.235	4	3	96.0429	26.8707
209.372	244.968	4	3	95.5016	26.8345
221.5	45.0827	4	3	95.1409	26.8101
190.781	174.031	3	3	94.8538	33.4352
228.801	33.2892	4	3	94.4975	26.7661
272.998	94.9762	4	3	93.0767	26.6664
106.312	79.5702	3	3	91.5478	33.2909
123.817	212.974	4	3	91.3238	26.5386
65.5045	21.4457	4	3	90.3376	26.4642
86.9924	82.9878	4	3	90.3368	26.4642
297.322	200.544	3	3	88.9922	33.1672
125.046	19.8629	5	3	88.1809	32.1774
107.204	131.779	4	3	88.0957	26.2884
74.9928	21.3878	4	3	87.9412	26.2759
170.925	203.844	7	3	87.6582	30.2299
13.2328	123.98	4	3	87.228	26.2177
223.674	84.1498	4	3	86.9997	26.1989
41.1268	290.718	4	3	86.3108	26.1414
126.754	122.519	7	3	86.0251	30.1864
174.958	134.162	3	3	84.9138	32.9451
66.5774	262.321	3	3	84.8575	32.9418
74.2544	272.032	4	3	84.0661	25.9472
284.423	76.0656	4	3	84.0647	25.9471
35.6345	113.256	4	3	83.6195	25.9073
0.75233	110.484	2	3	83.2936	23.0851
107.616	228.831	4	3	82.3456	25.7911
40.0239	243.887	4	3	81.4226	25.7045
25.7229	209.965	4	3	80.8657	25.6514
68.6169	46.2125	4	3	80.7652	25.6417
213.479	196.367	4	3	79.7438	25.5421
37.4772	154.22	4	3	79.2869	25.4968
262.847	247.126	4	3	79.0873	25.4768
295.043	85.7226	3	3	78.2441	32.5053
57.7818	178.324	3	3	78.2406	32.505
294.336	271.476	4	3	77.9073	25.3567
204.587	261.33	3	3	77.6523	32.461
30.6993	209.455	7	3	77.5377	29.901
181.972	274.722	4	3	76.3906	25.1971
284.1	201.822	4	3	76.3042	25.1879
286.678	90.5225	4	3	76.2708	25.1843
245.685	247.257	4	3	76.1182	25.1679
251.972	249.762	4	3	74.0573	24.9399
279.879	114.757	3	3	73.9015	32.1579
274.778	20.3358	3	3	73.7867	32.148
276.839	161.826	3	3	72.9464	32.0741
255.696	240.429	4	3	72.6113	24.773
38.9196	157.983	4	3	71.8481	24.6826
58.3807	236.51	4	3	71.693	24.664
37.8963	177.617	3	3	71.4035	31.9325
104.898	182.399	4	3	70.3793	24.5036
71.8716	281.138	4	3	70.0781	24.4661
145.029	128.718	4	3	67.5015	24.1339
7.6873	43.1034	3	3	66.5505	31.4336
65.9441	126.541	4	3	66.3551	23.9793
5.39956	275.628	4	3	66.1752	23.9547
108.947	47.7602	3	3	66.0582	31.378
38.5448	232.578	4	3	66.0141	23.9325
194.506	270.486	4	3	65.394	23.8463
140.649	140.939	4	3	64.6078	23.7352
214.929	0.540585	3	3	64.5641	31.2033
109.617	57.1799	3	3	64.5323	31.1995
145.766	269.561	3	3	64.0313	31.1388
99.4996	139.804	3	3	63.9305	31.1265
272.231	5.60519	4	3	63.8841	23.631
228.643	59.3592	4	3	63.7423	23.6104
50.3841	230.379	4	3	61.9143	23.3379
255.739	143.583	4	3	61.7991	23.3203
222.736	55.1811	4	3	61.7073	23.3063
135.185	129.105	4	3	61.6843	23.3028
20.1375	42.4835	3	3	61.3985	30.8014
293.728	104.401	4	3	61.2554	23.2367
60.6463	245.333	4	3	60.7502	23.158
151.916	144.213	4	3	60.6882	23.1483
233.843	203.017	3	3	60.5724	30.6889
259.085	46.5143	2	3	60.3391	22.7119
161.859	119.978	4	3	60.0374	23.0453
166.236	176.932	3	3	59.274	30.5052
247.759	228.494	4	3	58.9608	22.8713
239.105	45.8607	4	3	58.8851	22.8589
258.49	228.98	7	3	58.7436	28.7057
216.393	118.756	3	3	58.612	30.4083
66.9767	268.855	4	3	58.5299	22.8004
40.5441	27.848	3	3	58.5204	30.3947
251.386	21.1661	3	3	58.27	30.3574
134.056	233.979	4	3	58.1327	22.7343
233.831	15.9424	3	3	57.7303	30.2757
49.7371	248.117	4	3	56.5649	22.4674
156.855	119.107	3	3	56.2104	30.0371
257.784	233.615	4	3	55.7854	22.3308
231.257	103.969	3	3	55.7414	29.9609
236.105	42.3883	3	3	55.2319	29.8766
42.5025	276.515	4	3	55.0259	22.1952
61.1161	58.1828	4	3	54.9321	22.1783
60.3988	119.698	4	3	53.8102	21.9729
265.122	182.056	3	3	53.5752	29.5919
222.612	29.6157	4	3	52.7518	21.7739
139.965	205.928	3	3	51.5531	29.2209
112.822	0.247678	4	3	51.0761	21.4482
27.6271	38.5605	4	3	51.0728	21.4475
74.2823	155.928	4	3	50.8	21.3932
105.493	199.754	3	3	50.4816	29.0134
98.3849	227.376	3	3	50.2516	28.9678
123.97	243.985	4	3	50.2483	21.2823
233.303	71.1857	4	3	49.2502	21.0778
187.686	134.293	3	3	48.9491	28.7025
182.294	26.5057	4	3	48.7663	20.9769
213.267	275.436	4	3	48.7451	20.9724
98.0765	210.081	3	3	48.1595	28.5357
260.829	21.2646	4	3	48.066	20.8287
67.5845	123.02	4	3	47.9128	20.7959
67.1167	249.505	4	3	47.394	20.6841
6.9448	42.2759	4	3	47.3487	20.6742
266.089	199.469	4	3	47.2196	20.6461
221.382	64.3248	3	3	47.1854	28.3234
172.196	71.3971	3	3	46.843	28.247
279.879	206.038	4	3	46.4229	20.4709
212.175	76.8816	3	3	46.3839	28.1431
277.809	146.752	4	3	46.1598	20.4123
58.2328	153.758	3	3	46.0315	28.0621
253.142	93.4717	4	3	45.9176	20.3579
42.1631	182.088	4	3	45.4797	20.2589
189.502	258.73	4	3	44.7222	20.0852
190.098	280	4	3	44.6658	20.0721
130.451	68.4866	3	3	44.0445	27.5867
92.5842	244.62	4	3	43.9443	19.9033
181.125	113.58	3	3	43.6193	27.4805
188.941	25.9601	4	3	43.5574	19.8116
29.6646	215.214	4	3	43.3271	19.7566
70.7761	94.0797	4	3	42.9361	19.6625
263.883	289.739	4	3	42.3955	19.5309
245.266	208.596	3	3	41.6026	26.9547
260.36	220.23	4	3	41.3933	19.2823
97.731	113.064	4	3	41.2275	19.2406
254.724	163.936	4	3	41.2167	19.2379
121.847	172.493	4	3	41.098	19.2079
51.5885	118.537	4	3	40.9825	19.1787
37.2345	60.9201	4	3	40.9041	19.1588
75.3752	78.4616	3	3	40.5646	26.669
292.503	0.649317	4	3	40.4178	19.0345
242.364	12.1015	4	3	40.1345	18.9614
73.3807	228.558	4	3	39.6372	18.8319
50.5045	179.638	4	3	39.2644	18.7338
246.433	12.3345	4	3	38.4205	18.5083
183.692	252.325	4	3	38.0491	18.4076
261.735	198.446	4	3	38.0106	18.3971
141.156	280.341	3	3	37.6837	25.8192
247.811	153.246	4	3	37.1836	18.1694
280.296	291.591	3	3	36.8102	25.544
234.661	55.1193	4	3	36.1911	17.89
87.0648	260.011	4	3	35.8523	17.7931
71.658	293.66	4	3	35.5504	17.706
59.1884	28.0159	4	3	35.5209	17.6975
83.7808	238.912	4	3	35.5191	17.6969
50.3291	17.8966	4	3	35.3341	17.6432
46.5187	60.6487	3	3	34.3588	24.7246
59.427	14.573	4	3	34.1407	17.2909
51.6543	14.8134	4	3	33.6795	17.152
0.154013	45.6169	4	3	33.531	17.107
53.711	207.316	4	3	33.4146	17.0715
164.052	241.345	4	3	33.2687	17.027
247.694	6.14911	3	3	33.2606	24.3339
257.556	160.282	4	3	32.9372	16.9251
148.589	202.336	4	3	32.8036	16.8838
40.9143	278.339	4	3	32.4602	16.7771
89.0653	110.218	3	3	32.1289	23.9151
235.989	25.8879	3	3	32.0429	23.8826
43.5354	137.587	4	3	31.8551	16.587
25.4412	291.897	4	3	31.664	16.5263
150.114	253.73	4	3	31.4856	16.4694
121.551	187.858	4	3	31.3826	16.4365
46.6881	19.6705	4	3	31.3291	16.4193
32.3607	221.808	4	3	30.9371	16.293
58.2752	110.993	4	3	30.7281	16.2251
116.121	186.28	4	3	30.6187	16.1895
67.2513	158.3	4	3	30.4152	16.1229
185.884	146.462	3	3	30.1841	23.155
170.442	108.254	3	3	29.7769	22.9892
251.937	8.49677	3	3	29.694	22.9551
156.798	238.015	4	3	29.6115	15.8568
70.8843	35.9051	4	3	29.4417	15.7999
192.472	153.583	4	3	29.1294	15.6946
14.748	209.452	7	3	28.9872	22.8094
261.489	163.525	4	3	28.818	15.5888
33.3343	289.277	7	3	28.5096	22.6358
8.45826	279.184	4	3	26.3487	14.7211
197.37	56.2806	4	3	26.1248	14.6399
129.876	121.859	4	3	25.4547	14.3939
134.807	247.158	4	3	24.7408	14.1275
138.609	172.283	4	3	24.5889	14.0702
67.4231	110.522	4	3	24.5825	14.0678
86.0866	47.5135	4	3	24.5782	14.0661
72.555	38.5725	4	3	24.5764	14.0654
54.63	116.031	4	3	23.8064	13.7716
226.55	260.259	4	3	23.2475	13.5549
178.175	246.571	4	3	22.7355	13.3537
189.512	157.427	3	3	22.6992	19.6902
167.04	78.2453	3	3	22.4117	19.538
251.237	214.056	4	3	22.2798	13.1726
266.397	298.802	3	3	22.255	19.4544
93.918	267.382	3	3	22.1366	19.3909
32.0165	202.189	4	3	22.1065	13.1032
146.989	127.607	4	3	21.7236	12.9488
104.747	245.488	4	3	21.0777	12.685
43.413	232.111	4	3	20.6885	12.524
173.358	267.228	4	3	20.6015	12.4878
145.755	246.537	4	3	20.5966	12.4858
12.0389	105.762	4	3	20.4506	12.4249
174.154	259.055	4	3	20.3601	12.387
81.7804	69.2129	4	3	20.007	12.2385
101.343	240.719	3	3	19.923	18.1536
83.5844	139.52	4	3	19.7235	12.1183
80.425	103.274	3	3	19.1495	17.6979
292.648	238.388	4	3	18.737	11.6936
124.156	173.5	4	3	18.6854	11.6711
257.963	197.682	6	3	18.5034	18.4049
85.8059	262.684	4	3	18.3513	11.5247
142.646	249.735	3	3	18.1551	17.0934
73.0887	10.6125	4	3	18.1518	11.4367
120.094	205.496	3	3	17.868	16.915
296.603	229.149	4	3	17.5686	11.1772
27.4114	121.032	4	3	17.4687	11.1323
195.811	56.0637	3	3	17.4346	16.642
37.1941	175.019	4	3	17.1849	11.0044
148.286	247.048	4	3	16.9934	10.9175
61.931	114.349	4	3	16.6436	10.7578
195.129	43.7048	4	3	15.5949	10.2708
3.77278	297.607	4	3	15.2999	10.1316
147.692	124.427	4	3	15.2679	10.1164
106.005	251.01	3	3	15.1292	15.118
188.042	160.975	3	3	15.1031	15.1001
97.1804	108.023	3	3	14.9234	14.9758
65.1337	0.80968	4	3	14.8217	9.90369
137.018	190.431	3	3	14.7997	14.8899
223.715	20.5412	4	3	14.729	9.8592
185.566	39.3987	4	3	14.7131	9.85153
32.8443	286.121	4	3	14.6584	9.82527
49.8073	169.046	3	3	14.634	14.7741
29.4796	292.296	4	3	14.5811	9.78804
101.509	232.681	4	3	14.3165	9.66004
52.3381	274.394	4	3	14.2373	9.62156
63.3323	118.83	4	3	14.0371	9.52402
168.755	231.146	4	3	13.9325	9.47286
6.0914	44.0272	4	3	13.8481	9.4315
220.678	296.013	4	3	13.8075	9.41152
82.5319	98.175	4	3	13.627	9.32266
89.6966	113.301	4	3	13.5549	9.28707
52.7897	121.328	4	3	13.4339	9.22717
56.4235	119.186	4	3	13.3381	9.17962
37.7018	226.627	4	3	13.2856	9.15351
21.1616	222.942	4	3	13.2136	9.11765
206.983	12.9552	4	3	12.9885	9.00518
218.803	60.5139	4	3	12.9232	8.97241
146.085	153.101	3	3	12.5584	13.2655
176.561	267.627	4	3	12.5562	8.78737
31.1647	39.8027	4	3	12.4649	8.7411
192.807	44.6911	4	3	12.4604	8.73879
175.023	19.3186	4	3	12.4466	8.73182
41.7337	226.585	4	3	12.4226	8.71961
87.4948	54.663	4	3	12.3051	8.65984
34.4186	63.6954	4	3	12.1234	8.56703
31.5068	159.072	4	3	11.8321	8.41741
193.003	33.8515	4	3	11.7882	8.3948
172.833	22.6591	3	3	11.6958	12.6053
111.06	191.611	3	3	11.6946	12.6043
288.651	102.317	4	3	11.6936	8.34593
58.1919	128.149	4	3	11.6683	8.3328
237.935	53.9663	4	3	11.6249	8.31036
15.7955	258.927	4	3	11.4822	8.23632
16.8638	252.457	4	3	11.3171	8.15032
223.832	297.958	4	3	11.1989	8.08853
206.582	63.1927	3	3	10.9565	12.0231
103.081	249.045	3	3	10.9401	12.01
115.443	289.177	4	3	10.8595	7.9101
25.7053	289.012	4	3	10.5941	7.76962
204.706	204.272	3	3	10.5821	11.7225
144.262	27.682	3	3	10.4237	11.5941
243.783	142.242	3	3	10.3721	11.5521
11.1517	37.0456	3	3	10.318	11.508
176.116	262.477	4	3	10.1591	7.5373
79.3511	250.816	3	3	10.1587	11.3776
