99	100
X	Y	Species	Type	Diam	Height
6.14339	19.0079	3	3	98.4872	33.5755
6.0914	44.0272	4	3	13.8481	9.4315
5.44754	47.1458	4	3	24.5473	14.0544
0.154013	45.6169	4	3	33.531	17.107
6.9448	42.2759	4	3	47.3487	20.6742
0.358413	40.8595	3	3	37.5645	25.7822
7.6873	43.1034	3	3	66.5505	31.4336
5.87098	77.1722	4	3	110.754	27.6919
3.30607	90.1172	3	3	29.9177	23.0468
1.46894	92.6054	4	3	83.3011	25.8786
0.75233	110.484	2	3	83.2936	23.0851
2.67071	119.65	4	3	11.0885	8.03066
3.87617	128.553	4	3	95.9984	26.8677
1.94674	158.063	4	3	15.6074	10.2767
0.547419	161.369	4	3	16.2132	10.5594
2.95807	161.251	3	3	40.671	26.6988
7.41252	211.166	6	3	149.937	38.1498
2.23614	219.009	4	3	19.0922	11.8477
6.53765	235.82	4	3	114.639	27.8641
0.928586	249.652	4	3	88.0764	26.2868
2.80508	251.925	4	3	109.176	27.6173
7.32144	271.264	4	3	43.6647	19.8371
2.55146	265.969	4	3	50.1612	21.2647
4.1261	268.119	4	3	56.8402	22.515
5.39956	275.628	4	3	66.1752	23.9547
6.57007	287.801	4	3	52.6253	21.7498
3.35602	294.656	4	3	52.7929	21.7817
0.786871	291.519	4	3	69.1877	24.3537
3.77278	297.607	4	3	15.2999	10.1316
8.82246	28.8637	4	3	43.0368	19.6868
11.1517	37.0456	3	3	10.318	11.508
13.6256	33.1098	3	3	43.9266	27.5574
12.7167	65.7647	4	3	116.861	27.9554
8.56028	89.083	4	3	42.3939	19.5305
12.0389	105.762	4	3	20.4506	12.4249
13.9126	105.946	4	3	20.6903	12.5248
13.2328	123.98	4	3	87.228	26.2177
10.8114	133.077	3	3	14.6412	14.7792
9.83754	135.638	4	3	95.1706	26.8121
13.5582	145.879	4	3	41.8167	19.3881
9.80033	164.731	4	3	83.0638	25.857
12.0235	172.803	4	3	97.1474	26.9431
11.1127	197.849	3	3	106.502	33.8282
13.6814	213.527	4	3	21.1724	12.7239
9.56538	208.419	3	3	13.0665	13.6451
14.748	209.452	7	3	28.9872	22.8094
14.9898	248.468	2	3	118.964	23.1879
15.7955	258.927	4	3	11.4822	8.23632
15.909	261.142	4	3	13.801	9.40836
8.1322	262.934	4	3	21.0657	12.68
11.3266	261.811	4	3	25.9049	14.5596
8.45826	279.184	4	3	26.3487	14.7211
14.2246	282.322	4	3	95.1637	26.8117
20.3604	2.37892	4	3	117.819	27.9933
16.297	37.5196	4	3	59.5451	22.9663
20.1375	42.4835	3	3	61.3985	30.8014
19.8101	52.8168	4	3	114.69	27.8662
22.835	79.8028	4	3	124.762	28.2431
16.7658	90.5526	4	3	75.8843	25.1426
21.235	89.9648	7	3	115.583	30.6377
22.2605	107.022	3	3	31.5378	23.6896
17.7736	120.664	4	3	37.096	18.145
20.9538	151.702	4	3	77.033	25.2654
23.3655	151.2	7	3	97.7586	30.4381
23.937	170.977	4	3	157.929	28.9946
20.0773	191.223	4	3	90.3885	26.4681
16.0527	212.871	4	3	25.0904	14.2585
21.1616	222.942	4	3	13.2136	9.11765
23.4497	225.472	4	3	16.2587	10.5805
23.6788	227.772	4	3	66.3256	23.9753
17.8999	234.663	4	3	57.7021	22.662
16.8835	246.952	3	3	43.7519	27.5138
16.8638	252.457	4	3	11.3171	8.15032
18.6152	258.954	4	3	14.525	9.76094
22.0477	261.103	4	3	25.3717	14.3632
23.882	261.537	4	3	25.479	14.4029
21.7369	274.146	4	3	88.8102	26.3455
16.4551	285.936	4	3	95.9819	26.8666
31.8521	7.89338	4	3	89.6115	26.4083
24.2313	14.3904	3	3	112.347	33.9722
31.1647	39.8027	4	3	12.4649	8.7411
31.748	36.4206	4	3	45.4086	20.2428
27.6271	38.5605	4	3	51.0728	21.4475
26.3911	62.5081	4	3	78.9318	25.4611
28.2739	91.0018	4	3	107.509	27.5352
27.1089	106.883	4	3	50.4894	21.331
29.0848	109.104	4	3	60.6628	23.1443
27.7561	112.29	7	3	84.8228	30.1523
26.6605	118.042	3	3	67.7657	31.5667
27.4114	121.032	4	3	17.4687	11.1323
31.5068	159.072	4	3	11.8321	8.41741
30.205	185.668	4	3	113.639	27.8213
25.9126	195.564	4	3	71.3234	24.6194
29.6646	215.214	4	3	43.3271	19.7566
25.7229	209.965	4	3	80.8657	25.6514
30.6993	209.455	7	3	77.5377	29.901
24.0191	229.803	4	3	28.7836	15.5771
28.6235	239.064	4	3	126.041	28.2847
24.2499	256.14	4	3	24.5185	14.0435
29.9631	262.468	4	3	25.8395	14.5356
31.6418	269.606	4	3	50.9614	21.4254
26.6375	267.172	3	3	32.7164	24.1346
29.8879	272.32	4	3	22.7537	13.3609
25.7053	289.012	4	3	10.5941	7.76962
29.4796	292.296	4	3	14.5811	9.78804
30.6153	288.072	4	3	24.6095	14.0779
27.5005	289.098	4	3	30.6186	16.1895
25.4412	291.897	4	3	31.664	16.5263
33.6911	47.7566	4	3	103.082	27.3003
34.4186	63.6954	4	3	12.1234	8.56703
33.6557	59.4361	4	3	12.5973	8.80819
37.2345	60.9201	4	3	40.9041	19.1588
33.1912	60.664	4	3	55.7648	22.3271
36.6244	71.6368	4	3	112.035	27.7505
35.8537	82.8911	4	3	14.1427	9.57556
35.6345	113.256	4	3	83.6195	25.9073
32.9653	122.896	4	3	19.7673	12.1369
34.6874	121.479	7	3	158.692	30.7767
38.6515	128.029	3	3	90.9103	33.261
32.5282	144.274	4	3	89.9069	26.4312
38.9196	157.983	4	3	71.8481	24.6826
37.4772	154.22	4	3	79.2869	25.4968
34.8079	162.873	3	3	46.1508	28.0897
37.1941	175.019	4	3	17.1849	11.0044
36.5117	171.646	3	3	64.2862	31.1698
37.8963	177.617	3	3	71.4035	31.9325
32.0165	202.189	4	3	22.1065	13.1032
37.4997	204.241	3	3	66.207	31.3949
32.2027	208.037	4	3	62.4036	23.412
32.3607	221.808	4	3	30.9371	16.293
37.7018	226.627	4	3	13.2856	9.15351
38.5165	230.677	4	3	31.021	16.3201
32.3935	236.29	4	3	12.9461	8.9839
36.8708	236.022	4	3	28.708	15.5513
38.5448	232.578	4	3	66.0141	23.9325
32.5953	249.063	4	3	136.608	28.5829
33.0369	274.329	7	3	63.6813	29.123
32.8443	286.121	4	3	14.6584	9.82527
33.3343	289.277	7	3	28.5096	22.6358
33.7172	299.245	4	3	88.2524	26.301
47.4236	15.3758	4	3	30.7969	16.2475
46.6881	19.6705	4	3	31.3291	16.4193
41.3221	17.7188	4	3	58.8714	22.8567
40.5441	27.848	3	3	58.5204	30.3947
42.0016	33.0804	4	3	126.382	28.2955
41.0873	47.1386	4	3	55.7606	22.3264
44.2722	57.5521	4	3	49.6637	21.1631
46.5187	60.6487	3	3	34.3588	24.7246
43.4151	78.7662	3	3	17.1858	16.4835
46.3197	76.5546	4	3	50.5098	21.3351
40.18	102.615	4	3	53.1688	21.8529
41.3024	108.924	4	3	71.0563	24.5869
45.409	136.089	4	3	12.1396	8.57532
44.8795	140.801	4	3	16.2077	10.5569
43.5354	137.587	4	3	31.8551	16.587
41.4583	136.102	3	3	58.1258	30.3357
42.0079	148.776	4	3	16.55	10.7148
47.1563	157.837	3	3	12.7254	13.391
47.0911	175.393	6	3	26.9364	23.3046
42.1631	182.088	4	3	45.4797	20.2589
43.5043	195.677	3	3	83.2925	32.8475
41.7337	226.585	4	3	12.4226	8.71961
41.9116	228.249	4	3	39.4632	18.7862
47.5076	225.455	4	3	65.7147	23.891
43.413	232.111	4	3	20.6885	12.524
44.8619	242.837	4	3	23.7203	13.7384
47.2373	243.539	4	3	68.2972	24.2388
40.0239	243.887	4	3	81.4226	25.7045
41.3856	272.573	4	3	11.3845	8.18545
40.9143	278.339	4	3	32.4602	16.7771
42.5025	276.515	4	3	55.0259	22.1952
45.9717	284.532	4	3	23.752	13.7507
43.5156	280.196	4	3	58.64	22.8186
41.1268	290.718	4	3	86.3108	26.1414
51.6543	14.8134	4	3	33.6795	17.152
55.4601	9.09148	3	3	24.8833	20.7976
50.3291	17.8966	4	3	35.3341	17.6432
53.9544	19.4755	4	3	35.6557	17.7364
53.6675	24.9091	4	3	11.9038	8.45433
54.1677	30.1548	4	3	33.1	16.9752
53.7641	40.8679	4	3	56.7892	22.5062
51.0456	47.0596	4	3	73.3456	24.8585
49.3581	55.442	4	3	16.5087	10.6958
53.2774	62.0556	4	3	68.3918	24.2511
52.3299	69.605	4	3	94.5359	26.7687
51.5762	95.3847	4	3	74.6887	25.011
50.2891	88.8031	3	3	82.4407	32.7939
54.63	116.031	4	3	23.8064	13.7716
53.2236	112.854	4	3	25.364	14.3603
51.5885	118.537	4	3	40.9825	19.1787
52.7897	121.328	4	3	13.4339	9.22717
50.9444	131.928	4	3	81.6826	25.7291
49.3759	141.304	4	3	18.7489	11.6988
50.8278	141.532	4	3	22.7317	13.3522
54.5712	145.42	4	3	56.9203	22.5288
51.2876	149.646	4	3	61.6754	23.3014
53.8187	166.057	4	3	49.7386	21.1785
51.2227	160.916	3	3	106.285	33.8222
49.8073	169.046	3	3	14.634	14.7741
50.5045	179.638	4	3	39.2644	18.7338
55.0765	179.585	4	3	67.8921	24.1856
52.3166	190.577	4	3	146.213	28.7949
53.711	207.316	4	3	33.4146	17.0715
53.7883	205.741	4	3	96.5463	26.9039
50.3841	230.379	4	3	61.9143	23.3379
49.7371	248.117	4	3	56.5649	22.4674
52.5349	256.637	4	3	69.4119	24.3822
52.2821	260.394	3	3	84.9299	32.946
52.3381	274.394	4	3	14.2373	9.62156
55.6964	294.932	4	3	107.89	27.5543
48.2579	292.054	3	3	88.2298	33.128
62.751	11.4712	4	3	22.2019	13.1414
59.427	14.573	4	3	34.1407	17.2909
56.2874	22.1215	4	3	35.5411	17.7033
59.1884	28.0159	4	3	35.5209	17.6975
62.0113	36.7122	4	3	67.6006	24.1471
59.3189	52.9112	4	3	157.634	28.9902
61.1161	58.1828	4	3	54.9321	22.1783
61.5961	89.2054	4	3	22.0097	13.0643
58.2752	110.993	4	3	30.7281	16.2251
59.591	113.572	4	3	11.172	8.07442
56.4235	119.186	4	3	13.3381	9.17962
63.3323	118.83	4	3	14.0371	9.52402
61.931	114.349	4	3	16.6436	10.7578
60.3988	119.698	4	3	53.8102	21.9729
63.441	122.339	4	3	47.5318	20.7139
58.1919	128.149	4	3	11.6683	8.3328
63.0448	138.634	4	3	130.857	28.4301
58.2328	153.758	3	3	46.0315	28.0621
63.1503	172.49	4	3	10.77	7.86283
61.2244	169.974	3	3	68.5102	31.6454
57.7818	178.324	3	3	78.2406	32.505
62.2666	195.214	4	3	12.7527	8.88664
59.4839	215.499	4	3	73.0354	24.8226
62.5787	229.233	4	3	60.7569	23.159
56.8772	229.496	4	3	62.366	23.4064
60.1578	237.787	4	3	16.9746	10.9089
58.3807	236.51	4	3	71.693	24.664
60.6463	245.333	4	3	60.7502	23.158
59.5553	269.494	4	3	28.2621	15.398
57.2845	284.272	4	3	170.829	29.1577
65.1337	0.80968	4	3	14.8217	9.90369
65.1657	0.521409	4	3	20.4355	12.4186
71.3801	5.28565	3	3	30.8921	23.4378
68.5985	12.0956	4	3	50.7495	21.3831
69.0916	19.4476	4	3	85.0957	26.0376
65.5045	21.4457	4	3	90.3376	26.4642
70.8843	35.9051	4	3	29.4417	15.7999
68.6169	46.2125	4	3	80.7652	25.6417
71.2502	55.9298	4	3	36.7769	18.0557
65.8249	73.7972	4	3	169.701	29.1454
70.7761	94.0797	4	3	42.9361	19.6625
66.9279	97.6882	4	3	116.836	27.9544
67.4231	110.522	4	3	24.5825	14.0678
70.1224	111.814	4	3	31.6323	16.5162
67.4913	113.775	4	3	25.6533	14.4672
71.6648	114.291	3	3	41.9412	27.0456
68.4391	118.129	7	3	124.782	30.6927
67.5845	123.02	4	3	47.9128	20.7959
65.9441	126.541	4	3	66.3551	23.9793
69.5236	146.239	4	3	127.053	28.3167
67.2513	158.3	4	3	30.4152	16.1229
64.3671	158.877	4	3	32.931	16.9232
66.3869	167.902	3	3	10.1635	11.3816
69.6724	161.776	3	3	46.5003	28.1696
66.1897	166.117	3	3	49.4343	28.8028
64.3889	172.479	4	3	15.8745	10.4019
70.2515	178.234	4	3	44.9371	20.1348
70.5948	192.34	4	3	88.1863	26.2957
64.0154	207.269	3	3	94.1518	33.4059
71.6207	220.332	4	3	16.2378	10.5708
70.4219	222.014	4	3	59.0475	22.8855
66.2042	231.193	6	3	21.6597	20.4017
70.924	235.339	4	3	63.5835	23.5872
64.666	247.517	4	3	25.2615	14.3223
70.3657	243.463	4	3	71.1215	24.5948
67.1167	249.505	4	3	47.394	20.6841
66.5774	262.321	3	3	84.8575	32.9418
66.9767	268.855	4	3	58.5299	22.8004
65.3147	277.145	4	3	96.9539	26.9305
71.8716	281.138	4	3	70.0781	24.4661
71.658	293.66	4	3	35.5504	17.706
71.244	288.735	3	3	21.2327	18.8973
67.3628	294.19	3	3	32.8114	24.1697
70.9167	298.142	4	3	13.7618	9.38906
73.0887	10.6125	4	3	18.1518	11.4367
74.9928	21.3878	4	3	87.9412	26.2759
72.555	38.5725	4	3	24.5764	14.0654
76.8826	45.1981	4	3	20.9908	12.6492
72.0823	65.0041	4	3	117.66	27.9871
75.3752	78.4616	3	3	40.5646	26.669
78.1523	98.8545	3	3	41.8594	27.0237
78.1725	112.11	4	3	45.1487	20.1834
79.2552	116.367	4	3	58.4727	22.7909
76.9734	125.092	4	3	58.4713	22.7907
73.4546	137.529	4	3	135.209	28.5477
78.1379	145.464	6	3	148.272	38.1356
74.2823	155.928	4	3	50.8	21.3932
79.9432	162.85	4	3	13.6154	9.31694
76.5458	166.448	4	3	44.5968	20.0561
72.6632	173.513	4	3	53.242	21.8667
77.1014	194.236	3	3	97.1409	33.5256
77.0932	202.14	4	3	105.767	27.4458
72.465	212.9	6	3	157.985	38.2087
73.3807	228.558	4	3	39.6372	18.8319
74.453	224.595	4	3	61.2894	23.242
76.6623	234.244	4	3	44.0217	19.9216
78.6232	235.628	4	3	51.7577	21.5823
78.5478	240.069	4	3	19.6685	12.0949
76.5289	242.294	3	3	42.4763	27.1871
79.3511	250.816	3	3	10.1587	11.3776
72.7049	255.103	4	3	76.7003	25.2302
77.6176	253.988	3	3	103.049	33.7281
74.2544	272.032	4	3	84.0661	25.9472
76.6315	289.43	4	3	29.854	15.9376
82.9673	15.862	3	3	99.9932	33.6286
86.0866	47.5135	4	3	24.5782	14.0661
87.4948	54.663	4	3	12.3051	8.65984
81.7242	49.717	4	3	13.71	9.36357
82.7486	51.4471	3	3	32.958	24.2235
83.4516	60.1862	4	3	87.3484	26.2276
81.7804	69.2129	4	3	20.007	12.2385
82.1684	87.0295	4	3	57.5588	22.6378
86.9924	82.9878	4	3	90.3368	26.4642
80.4482	81.8	8	3	162.16	33.5645
87.0173	90.4025	4	3	87.2237	26.2174
82.5319	98.175	4	3	13.627	9.32266
80.425	103.274	3	3	19.1495	17.6979
84.3891	105.005	4	3	10.6133	7.77978
85.7652	130.109	4	3	59.6392	22.9815
86.7638	134.155	7	3	83.0545	30.0987
83.5844	139.52	4	3	19.7235	12.1183
83.2919	147.933	4	3	60.7803	23.1627
81.0466	155.329	4	3	64.1756	23.6732
82.742	162.531	4	3	82.737	25.8272
84.2909	172.039	4	3	90.5498	26.4804
85.9348	204.082	3	3	72.9537	32.0747
82.644	219.622	4	3	11.8132	8.40767
81.8195	217.322	4	3	55.3647	22.256
82.8004	221.202	4	3	60.9218	23.1848
86.6246	230.375	4	3	31.8353	16.5807
86.2251	226.281	4	3	32.4703	16.7803
80.5182	228.189	4	3	66.7215	24.0292
82.4398	229.198	3	3	36.4556	25.4298
81.2865	233.24	4	3	15.7089	10.3243
82.7391	236.551	4	3	25.6254	14.4569
83.7808	238.912	4	3	35.5191	17.6969
87.2847	233.872	4	3	35.958	17.8234
80.9185	245.867	4	3	35.8187	17.7834
86.8428	242.773	3	3	26.1642	21.4083
86.3343	248.043	4	3	42.3134	19.5108
85.8059	262.684	4	3	18.3513	11.5247
87.0648	260.011	4	3	35.8523	17.7931
85.7279	272.527	4	3	11.7477	8.37387
81.5682	275.679	4	3	64.3213	23.6942
83.312	287.854	3	3	11.3654	12.347
81.557	299.044	3	3	67.5436	31.5427
91.8324	44.2436	4	3	11.9591	8.48277
95.8898	54.7004	4	3	113.68	27.8231
89.0653	110.218	3	3	32.1289	23.9151
89.6966	113.301	4	3	13.5549	9.28707
93.2151	124.544	3	3	86.7443	33.0487
89.4356	160.789	3	3	59.3905	30.5221
91.4581	182.717	4	3	101.47	27.2083
91.1186	197.133	3	3	134.558	34.3136
91.5868	211.417	4	3	34.424	17.3755
89.2016	215.732	4	3	53.1471	21.8488
93.6776	217.979	4	3	44.9446	20.1365
88.966	221.379	4	3	47.6166	20.7322
94.7515	224.239	4	3	65.1155	23.8072
92.5842	244.62	4	3	43.9443	19.9033
95.4781	255.332	4	3	31.3603	16.4293
90.1158	250.374	4	3	62.6205	23.4446
92.2497	262.14	3	3	18.4349	17.2657
93.9511	263.821	4	3	36.6961	18.033
89.6677	269.938	4	3	30.7177	16.2218
93.918	267.382	3	3	22.1366	19.3909
91.5915	283.555	4	3	97.8462	26.9879
97.979	5.25733	4	3	99.3532	27.0819
99.6747	18.3239	3	3	59.3731	30.5196
99.9948	43.045	3	3	100.618	33.6498
103.949	59.8216	3	3	50.8924	29.0939
96.1915	67.182	4	3	32.7358	16.8628
97.1804	108.023	3	3	14.9234	14.9758
102.663	107.417	3	3	25.1768	20.94
97.731	113.064	4	3	41.2275	19.2406
101.948	124.601	4	3	77.2145	25.2845
99.4996	139.804	3	3	63.9305	31.1265
99.8684	147.626	3	3	66.0784	31.3803
103.958	195.513	4	3	23.3733	13.6039
98.0765	210.081	3	3	48.1595	28.5357
103.103	222.724	4	3	30.2479	16.0679
99.5833	217.641	4	3	35.8533	17.7933
103.467	217.781	4	3	56.334	22.4272
98.3849	227.376	3	3	50.2516	28.9678
101.509	232.681	4	3	14.3165	9.66004
101.343	240.719	3	3	19.923	18.1536
103.081	249.045	3	3	10.9401	12.01
102.043	257.121	4	3	35.6952	17.7478
98.7737	263.151	3	3	40.4994	26.6508
101.123	266.972	3	3	66.3701	31.4133
102.456	292.093	8	3	103.108	33.1756
96.4984	298.728	4	3	100.559	27.1547
108.947	47.7602	3	3	66.0582	31.378
109.617	57.1799	3	3	64.5323	31.1995
111.265	66.7177	3	3	86.1096	33.0135
106.312	79.5702	3	3	91.5478	33.2909
111.965	127.933	3	3	84.3019	32.9089
107.204	131.779	4	3	88.0957	26.2884
104.706	144.975	4	3	19.2134	11.9
111.337	159.432	3	3	100.239	33.637
108.955	172.418	4	3	39.8206	18.8798
104.898	182.399	4	3	70.3793	24.5036
104.801	178.931	4	3	81.0092	25.6652
111.241	184.651	4	3	11.6368	8.31651
111.06	191.611	3	3	11.6946	12.6043
109.211	187.032	3	3	17.3591	16.5941
105.897	190.749	4	3	59.0837	22.8914
106.125	198.969	4	3	11.2323	8.10597
105.493	199.754	3	3	50.4816	29.0134
109.697	220.44	3	3	34.2255	24.678
107.616	228.831	4	3	82.3456	25.7911
106.158	228.338	3	3	56.6286	30.104
104.676	242.7	4	3	14.3228	9.6631
104.747	245.488	4	3	21.0777	12.685
110.809	243.33	3	3	17.8543	16.9064
106.005	251.01	3	3	15.1292	15.118
109.039	297.283	7	3	104.546	30.5334
112.822	0.247678	4	3	51.0761	21.4482
118.903	13.6341	4	3	82.7576	25.8291
116.74	26.7111	4	3	20.519	12.4535
119.473	29.0728	3	3	29.7467	22.9768
116.348	34.5672	3	3	53.4301	29.5661
115.417	48.5322	4	3	53.3668	21.8901
116.426	66.2458	4	3	77.0659	25.2689
116.702	87.6482	3	3	94.2158	33.4086
114.035	109.449	4	3	144.466	28.7599
118.458	126.994	4	3	89.6651	26.4125
112.55	140.864	3	3	66.1628	31.3899
117.207	148.458	4	3	84.1166	25.9517
112.35	164.082	4	3	70.1347	24.4732
117.25	171.292	4	3	23.7341	13.7438
115.006	172.721	3	3	18.1352	17.0811
119.62	189.112	4	3	23.8029	13.7703
116.121	186.28	4	3	30.6187	16.1895
116.105	191.625	4	3	35.6641	17.7389
112.431	195.023	3	3	17.3309	16.5761
113.393	195.179	3	3	41.213	26.8487
112.097	206.106	4	3	83.5899	25.9047
119.352	226.245	4	3	87.3556	26.2282
114.075	237.005	4	3	155.992	28.9654
119.815	251.083	4	3	23.409	13.6178
112.428	251.509	4	3	61.2732	23.2395
118.345	249.12	3	3	70.6539	31.8609
114.71	260.905	4	3	47.9426	20.8023
112.295	268.363	7	3	94.5793	30.3825
119.545	268.006	7	3	157.659	30.7756
114.726	281.045	3	3	70.6313	31.8587
115.443	289.177	4	3	10.8595	7.9101
125.046	19.8629	5	3	88.1809	32.1774
123.88	59.8742	3	3	61.6991	30.8415
124.493	73.3437	4	3	15.2101	10.0889
121.649	91.8271	4	3	53.0147	21.8238
120.415	99.3259	4	3	94.4064	26.7598
124.029	110.279	4	3	72.6506	24.7776
126.594	114.563	4	3	79.0017	25.4682
124.285	127.181	4	3	55.9183	22.3543
126.754	122.519	7	3	86.0251	30.1864
120.628	143.335	4	3	96.8504	26.9238
126.127	142.072	4	3	99.5658	27.0949
124.435	152.074	4	3	56.4121	22.4408
123.432	161.164	4	3	138.856	28.637
124.156	173.5	4	3	18.6854	11.6711
127.7	173.214	4	3	30.1416	16.0329
127.035	171.354	4	3	34.0337	17.2588
121.847	172.493	4	3	41.098	19.2079
121.152	177.973	4	3	10.4205	7.67718
120.765	181.556	4	3	12.0021	8.50489
121.402	181.11	4	3	13.6157	9.31709
124.277	179.262	4	3	37.9613	18.3837
121.957	176.142	4	3	38.262	18.4655
126.471	177.335	4	3	43.4035	19.7749
127.599	185.37	4	3	13.7811	9.39855
120.168	184.919	4	3	26.09	14.6272
121.551	187.858	4	3	31.3826	16.4365
122.976	191.89	4	3	43.1594	19.7163
120.235	196.468	4	3	64.5485	23.7267
126.898	204.127	3	3	10.0045	11.2508
120.094	205.496	3	3	17.868	16.915
123.817	212.974	4	3	91.3238	26.5386
120.684	212.536	7	3	102.56	30.5084
123.97	243.985	4	3	50.2483	21.2823
125.363	267.695	4	3	37.4789	18.2513
125.654	279.207	4	3	119.398	28.0539
120.131	293.491	4	3	21.3628	12.8019
122.094	294.757	7	3	109.301	30.5847
131.255	4.43259	4	3	79.014	25.4694
132.654	11.0503	3	3	99.185	33.6005
129.341	24.566	4	3	91.188	26.5284
129.799	35.3869	3	3	71.2435	31.9174
129.157	35.9936	3	3	105.82	33.8094
132.897	63.5188	4	3	10.5681	7.75579
130.451	68.4866	3	3	44.0445	27.5867
129.457	74.9472	4	3	11.2803	8.13108
128.313	81.4839	4	3	53.3792	21.8925
130.184	98.0401	4	3	71.1489	24.5982
129.893	103.827	4	3	95.6218	26.8426
135.216	105.491	4	3	97.7508	26.9818
129.876	121.859	4	3	25.4547	14.3939
132.068	121.906	4	3	64.7258	23.752
135.185	129.105	4	3	61.6843	23.3028
128.269	131.505	4	3	82.3861	25.7948
135.849	153.259	4	3	42.194	19.4814
129.8	173.005	4	3	11.2127	8.09572
132.104	168.734	4	3	35.9154	17.8112
131.758	178.715	3	3	16.0557	15.7454
130.894	197.646	3	3	11.509	12.4596
132.167	206.569	3	3	14.4414	14.6388
129.8	205.202	3	3	42.6451	27.2311
134.444	214.57	3	3	100.124	33.6331
134.056	233.979	4	3	58.1327	22.7343
134.807	247.158	4	3	24.7408	14.1275
130.419	244.703	4	3	26.0824	14.6244
129.581	241.977	4	3	30.6763	16.2083
133.364	258.908	4	3	21.3253	12.7866
129.914	261.816	3	3	13.8071	14.1863
135.322	256.581	3	3	35.1029	24.9809
130.811	264.994	3	3	32.4653	24.0413
135.515	264.406	8	3	41.2793	27.9039
129.494	268.801	3	3	45.7254	27.9911
134.553	270.796	3	3	50.3549	28.9883
142.405	3.80412	4	3	87.4412	26.2352
143.1	22.0492	3	3	102.364	33.7067
139.223	34.0685	4	3	89.138	26.3713
141.124	56.9428	4	3	49.2563	21.0791
138.645	75.0174	4	3	109.715	27.6431
143.599	100.041	4	3	90.5668	26.4817
140.02	117.93	4	3	100.787	27.1683
138.124	124.839	4	3	75.2406	25.0722
140.649	140.939	4	3	64.6078	23.7352
142.784	145.837	4	3	48.9315	21.0115
140.368	148.341	3	3	70.4994	31.8459
140.008	157.665	4	3	33.7228	17.1651
140.528	172.589	3	3	10.0841	11.3164
138.609	172.283	4	3	24.5889	14.0702
137.148	176.707	4	3	23.4336	13.6274
138.709	190.279	3	3	11.5962	12.5277
137.018	190.431	3	3	14.7997	14.8899
140.26	184.932	7	3	18.9369	18.2398
136.701	192.445	3	3	44.3509	27.6622
137.407	198.331	3	3	50.2887	28.9752
136.113	194.336	7	3	109.237	30.5841
142.493	204.354	4	3	36.2286	17.9007
139.965	205.928	3	3	51.5531	29.2209
143.398	245.325	7	3	30.6786	23.395
143.661	251.196	2	3	15.8775	15.1641
142.646	249.735	3	3	18.1551	17.0934
142.94	255.565	3	3	27.9642	22.2212
138.591	263.201	4	3	12.9056	8.96358
143.028	256.671	3	3	25.5991	21.1423
143.393	263.041	3	3	37.0597	25.6235
137.102	277.349	8	3	154.473	33.5509
141.156	280.341	3	3	37.6837	25.8192
139.702	284.329	3	3	60.0017	30.6092
148.971	13.6446	4	3	89.7804	26.4214
144.262	27.682	3	3	10.4237	11.5941
146.432	66.9468	3	3	109.981	33.9175
147.822	83.002	3	3	79.8976	32.6241
147.692	124.427	4	3	15.2679	10.1164
146.989	127.607	4	3	21.7236	12.9488
150.895	123.495	4	3	71.2661	24.6124
148.914	129.697	4	3	11.5673	8.28047
145.029	128.718	4	3	67.5015	24.1339
145.422	140.953	4	3	64.5607	23.7285
151.916	144.213	4	3	60.6882	23.1483
146.085	153.101	3	3	12.5584	13.2655
148.213	158.921	3	3	102.128	33.6992
147.812	172.884	3	3	39.8858	26.4765
144.089	176.596	4	3	24.4997	14.0364
148.251	188.05	4	3	13.9974	9.50464
146.507	190.483	4	3	14.9982	9.98809
149.227	198.66	3	3	11.0965	12.1345
146.362	193.825	3	3	44.4836	27.6946
150.799	199.224	3	3	44.7198	27.752
148.589	202.336	4	3	32.8036	16.8838
149.902	207.051	3	3	48.1985	28.544
147.917	222.217	4	3	96.3067	26.8882
147.648	235.786	3	3	110.67	33.9339
148.286	247.048	4	3	16.9934	10.9175
151.054	247.336	3	3	11.1297	12.1609
145.755	246.537	4	3	20.5966	12.4858
150.114	253.73	4	3	31.4856	16.4694
146.056	249.862	4	3	48.0637	20.8282
145.766	269.561	3	3	64.0313	31.1388
147.092	278.939	4	3	69.3715	24.3771
156.008	3.65609	4	3	100.695	27.1628
159.15	8.49568	4	3	52.66	21.7564
153.777	56.4455	4	3	119.859	28.0712
156.52	68.913	3	3	12.7142	13.3826
156.022	74.9414	3	3	87.8585	33.1086
158.829	113.923	4	3	63.5888	23.5879
156.855	119.107	3	3	56.2104	30.0371
156.317	183.073	3	3	76.1821	32.3469
152.356	205.833	4	3	32.2521	16.712
156.798	238.015	4	3	29.6115	15.8568
157.034	236.53	7	3	100.334	30.4777
157.895	245.518	4	3	42.0325	19.4416
153.739	251.005	4	3	31.775	16.5616
153.39	264.496	4	3	36.5022	17.9783
155.047	276.08	4	3	28.4607	15.4665
157.548	284.47	4	3	102.352	27.2591
156.71	290.782	3	3	104.992	33.7859
164.782	15.0412	3	3	106.171	33.8191
162.742	53.1113	4	3	12.5842	8.80158
166.861	55.1554	4	3	30.8819	16.2751
167.3	63.0001	4	3	22.282	13.1735
163.821	67.1316	4	3	37.3589	18.2181
167.04	78.2453	3	3	22.4117	19.538
166.451	90.2849	3	3	109.619	33.9087
166.229	101.951	3	3	13.1012	13.6708
163.85	109.541	3	3	31.3292	23.6089
161.859	119.978	4	3	60.0374	23.0453
166.002	125.184	4	3	65.9632	23.9255
164.663	133.43	4	3	15.5274	10.239
161.26	144.68	3	3	98.4239	33.5732
160.927	160.686	3	3	51.9218	29.2906
166.236	176.932	3	3	59.274	30.5052
163.663	237.606	4	3	13.3881	9.20447
167.408	236.898	4	3	22.125	13.1106
161.275	236.653	4	3	28.4288	15.4555
163.745	245.68	4	3	15.5144	10.2329
164.052	241.345	4	3	33.2687	17.027
160.003	242.058	4	3	39.7228	18.8543
160.142	240.083	3	3	35.8122	25.2189
160.205	249.54	4	3	39.926	18.9073
161.703	259.881	4	3	139.864	28.6604
164.838	270.693	4	3	86.1224	26.1255
164.59	278.676	4	3	77.0012	25.2621
162.755	296.588	3	3	103.457	33.7405
169.052	8.39775	4	3	95.693	26.8474
175.023	19.3186	4	3	12.4466	8.73182
172.833	22.6591	3	3	11.6958	12.6053
175.521	17.5573	3	3	36.6211	25.4833
171.895	33.6481	4	3	118.357	28.0142
175.546	52.3676	4	3	12.9495	8.98563
169.47	58.5853	3	3	15.3958	15.3007
172.196	71.3971	3	3	46.843	28.247
172.747	65.9294	3	3	78.7937	32.5455
172.006	84.9777	4	3	47.4488	20.696
172.405	80.2575	4	3	88.0495	26.2847
170.442	108.254	3	3	29.7769	22.9892
171.041	117.091	3	3	39.3705	26.3273
174.958	134.162	3	3	84.9138	32.9451
175.327	172.967	3	3	83.019	32.8305
174.517	177.841	4	3	81.6575	25.7267
168.135	185.815	4	3	97.6495	26.9753
172.667	195.932	4	3	83.6733	25.9122
174.203	198.766	3	3	73.7856	32.1479
170.925	203.844	7	3	87.6582	30.2299
168.755	231.146	4	3	13.9325	9.47286
174.813	231.526	4	3	38.0993	18.4213
170.404	234.789	4	3	22.3858	13.2149
169.926	232.815	4	3	39.3156	18.7473
174.454	245.153	4	3	161.735	29.0481
174.148	254.486	4	3	10.8722	7.91684
174.154	259.055	4	3	20.3601	12.387
174.859	257.342	4	3	22.9726	13.4472
174.618	261.465	3	3	13.1059	13.6742
173.003	256.051	7	3	32.0875	23.8499
173.358	267.228	4	3	20.6015	12.4878
172.758	275.373	4	3	73.4747	24.8734
172.511	283.385	4	3	89.1265	26.3704
180.474	10.8175	7	3	109.25	30.5842
180.678	17.201	4	3	26.6372	14.8252
182.294	26.5057	4	3	48.7663	20.9769
183.694	37.4806	4	3	14.9689	9.97411
179.008	47.8567	3	3	17.9407	16.9603
176.853	42.8888	3	3	34.3447	24.7197
178.301	72.091	4	3	14.485	9.74164
177.435	93.3609	3	3	112.424	33.9739
181.125	113.58	3	3	43.6193	27.4805
182.349	127.028	4	3	31.9477	16.6162
181.179	124.913	3	3	50.2569	28.9689
179.381	140.673	4	3	67.1413	24.0858
180.258	147.419	3	3	28.5205	22.4621
178.649	152.392	3	3	44.5967	27.7222
180.306	168.288	4	3	16.6622	10.7663
180.801	191.234	3	3	82.0181	32.7668
177.78	213.325	4	3	92.8717	26.6517
183.323	220.79	4	3	47.437	20.6934
180.192	217.322	4	3	80.4025	25.6066
178.175	246.571	4	3	22.7355	13.3537
180.356	253.229	4	3	35.5515	17.7063
183.692	252.325	4	3	38.0491	18.4076
176.116	262.477	4	3	10.1591	7.5373
176.561	267.627	4	3	12.5562	8.78737
181.972	274.722	4	3	76.3906	25.1971
180.553	289.21	4	3	89.7325	26.4177
176.266	290.019	3	3	100.427	33.6434
188.279	8.0756	4	3	82.6641	25.8205
184.626	22.0424	4	3	46.6276	20.5162
188.941	25.9601	4	3	43.5574	19.8116
185.566	39.3987	4	3	14.7131	9.85153
188.047	39.8458	4	3	19.9608	12.219
186.134	35.946	4	3	20.2687	12.3487
188.596	40.76	4	3	11.0567	8.01395
190.179	40.1194	3	3	11.8507	12.7253
185.416	46.2182	3	3	38.3244	26.0158
188.65	46.3112	8	3	154.513	33.551
185.723	54.3192	3	3	93.0964	33.3606
184.119	87.2263	8	3	159.969	33.561
190.74	111.06	3	3	81.1003	32.7063
190.673	115.341	3	3	50.3497	28.9873
187.686	134.293	3	3	48.9491	28.7025
189.53	137.854	3	3	47.1561	28.3168
188.616	151.718	3	3	12.3289	13.0918
185.884	146.462	3	3	30.1841	23.155
189.512	157.427	3	3	22.6992	19.6902
188.042	160.975	3	3	15.1031	15.1001
184.346	161.66	3	3	25.7415	21.2098
186.698	169.947	4	3	10.1683	7.54223
190.781	174.031	3	3	94.8538	33.4352
187.769	190.721	4	3	52.5354	21.7326
189.706	185.305	3	3	48.1051	28.524
185.407	203.153	4	3	97.73	26.9805
186.294	212.53	4	3	43.2592	19.7403
187.467	213.266	7	3	158.207	30.7762
187.001	226.963	4	3	50.139	21.2602
191.427	245.583	4	3	152.166	28.9034
189.502	258.73	4	3	44.7222	20.0852
184.67	263.815	3	3	70.8902	31.8837
189.105	269.434	3	3	14.4698	14.6588
185.654	273.479	4	3	11.1015	8.03748
190.098	280	4	3	44.6658	20.0721
187.703	282.632	4	3	73.361	24.8603
195.262	23.1893	3	3	12.2301	13.0166
195.524	25.354	4	3	10.7593	7.85715
193.003	33.8515	4	3	11.7882	8.3948
193.044	36.5863	4	3	25.4936	14.4083
192.807	44.6911	4	3	12.4604	8.73879
195.129	43.7048	4	3	15.5949	10.2708
197.37	56.2806	4	3	26.1248	14.6399
195.811	56.0637	3	3	17.4346	16.642
198.584	59.9239	4	3	55.9719	22.3637
193.323	105.076	3	3	80.4937	32.6653
199.31	138.528	3	3	13.5843	14.025
197.4	144.926	3	3	25.3052	21.0018
192.472	153.583	4	3	29.1294	15.6946
199.048	152.541	3	3	15.997	15.7063
192.098	156.946	4	3	35.5186	17.6968
199.667	163.051	3	3	94.7316	33.4302
196.281	189.038	4	3	109.817	27.648
199.015	208.346	3	3	111.706	33.9578
199.776	243.163	0	3	168.681	25.6994
197.422	256.896	3	3	43.4824	27.446
194.506	270.486	4	3	65.394	23.8463
199.935	279.636	4	3	95.3178	26.8221
195.17	280.585	4	3	91.1959	26.529
193.976	289.707	4	3	94.2366	26.7481
207.792	1.40194	4	3	13.5697	9.29436
206.983	12.9552	4	3	12.9885	9.00518
202.379	8.59815	1	3	168.501	24.7994
206.022	17.0163	4	3	31.8161	16.5746
200.384	22.4818	3	3	68.4031	31.6342
206.937	31.8022	4	3	143.065	28.7308
203.622	40.6667	4	3	89.2679	26.3815
206.582	63.1927	3	3	10.9565	12.0231
201.259	73.4865	3	3	79.3961	32.5888
205.309	97.6525	3	3	74.7549	32.2304
205.109	130.286	3	3	130.732	34.2721
203.871	174.965	4	3	123.531	28.2018
205.161	190.268	4	3	34.9236	17.5232
206.588	195.626	4	3	76.9969	25.2616
204.706	204.272	3	3	10.5821	11.7225
201.825	201.426	4	3	74.1132	24.9463
201.211	232.276	4	3	156.475	28.9728
204.587	261.33	3	3	77.6523	32.461
204.222	293.728	7	3	91.151	30.3128
212.789	7.66571	4	3	14.7018	9.84615
214.929	0.540585	3	3	64.5641	31.2033
208.967	10.6606	4	3	48.1021	20.8364
211.127	26.8753	4	3	142.797	28.7251
210.866	52.0279	3	3	116.534	34.0585
212.856	62.5068	4	3	40.4968	19.0548
208.69	69.8606	3	3	12.6603	13.3422
209.65	64.4906	4	3	42.2832	19.5034
212.175	76.8816	3	3	46.3839	28.1431
210.464	72.506	3	3	85.1077	32.9564
215.072	126.964	3	3	17.4998	16.6834
208.465	120.826	4	3	88.8702	26.3502
212.235	137.279	3	3	34.2225	24.6769
208.354	147.447	4	3	73.1535	24.8363
212.621	155.51	3	3	12.371	13.1238
209.541	157.043	4	3	87.8765	26.2707
213.933	165.279	4	3	79.6278	25.5307
215.579	169.174	3	3	75.3893	32.2829
213.479	196.367	4	3	79.7438	25.5421
215.852	204.837	3	3	15.9693	15.6878
212.085	209.159	4	3	37.4635	18.247
212.713	221.909	4	3	99.6128	27.0978
209.372	244.968	4	3	95.5016	26.8345
215.352	258.527	4	3	116.21	27.9292
212.776	268.886	2	3	97.0892	23.1518
213.267	275.436	4	3	48.7451	20.9724
209.24	291.309	4	3	66.4571	23.9933
221.996	0.886112	4	3	58.3932	22.7777
221.943	12.4797	4	3	125.507	28.2675
223.715	20.5412	4	3	14.729	9.8592
216.498	17.6541	4	3	109.497	27.6327
222.612	29.6157	4	3	52.7518	21.7739
221.5	45.0827	4	3	95.1409	26.8101
222.736	55.1811	4	3	61.7073	23.3063
221.432	60.9601	4	3	11.391	8.18882
218.803	60.5139	4	3	12.9232	8.97241
217.815	69.7863	4	3	61.0577	23.206
221.382	64.3248	3	3	47.1854	28.3234
220.193	75.4753	4	3	44.0923	19.9382
223.674	84.1498	4	3	86.9997	26.1989
218.918	94.5758	3	3	10.0856	11.3176
222.816	108.157	3	3	23.624	20.1696
218.34	111.251	3	3	134.806	34.3161
216.393	118.756	3	3	58.612	30.4083
219.962	125.756	4	3	19.7468	12.1282
216.615	127.298	3	3	19.0859	17.6598
223.119	131.419	3	3	76.3452	32.3599
219.311	143.727	4	3	89.8866	26.4296
222.8	157.201	4	3	109.548	27.6351
220.249	182.178	4	3	138.156	28.6205
216.105	213.747	4	3	12.1383	8.57467
221.6	234.521	4	3	105.918	27.4537
219.799	248.251	4	3	119.245	28.0481
218.077	277.67	3	3	10.4749	11.6357
218.611	278.72	3	3	65.4312	31.3058
223.832	297.958	4	3	11.1989	8.08853
220.678	296.013	4	3	13.8075	9.41152
231.877	8.6515	4	3	44.3986	20.0099
227.259	11.1737	7	3	170.5	30.7863
228.801	33.2892	4	3	94.4975	26.7661
228.643	59.3592	4	3	63.7423	23.6104
231.177	67.4029	4	3	52.0641	21.6418
226.574	85.7877	4	3	88.5481	26.3247
231.257	103.969	3	3	55.7414	29.9609
227.254	134.13	2	3	127.97	23.1931
227.302	229.351	3	3	85.1683	32.9599
226.55	260.259	4	3	23.2475	13.5549
232.25	4.92439	4	3	43.4566	19.7876
239.408	4.99953	3	3	40.6157	26.6834
233.831	15.9424	3	3	57.7303	30.2757
239.762	19.6876	4	3	12.0796	8.54462
235.989	25.8879	3	3	32.0429	23.8826
239.105	45.8607	4	3	58.8851	22.8589
236.105	42.3883	3	3	55.2319	29.8766
237.935	53.9663	4	3	11.6249	8.31036
234.661	55.1193	4	3	36.1911	17.89
233.303	71.1857	4	3	49.2502	21.0778
237.725	76.8047	3	3	93.1345	33.3622
232.667	90.6779	4	3	22.2594	13.1644
233.551	103.543	3	3	44.431	27.6818
233.122	114.329	4	3	147.15	28.813
233.516	123.235	4	3	96.0429	26.8707
239.004	132.672	3	3	121.542	34.1464
235.637	152.728	3	3	94.5372	33.4221
233.033	176.533	3	3	107.191	33.8468
236.268	192.242	6	3	74.6107	35.319
233.843	203.017	3	3	60.5724	30.6889
237.098	240.868	4	3	159.398	29.0159
232.679	252.628	4	3	10.196	7.55707
233.09	260.683	4	3	63.8037	23.6193
235.383	266.613	4	3	60.3364	23.0928
239.103	276.502	4	3	25.3033	14.3378
236.025	272.574	4	3	71.1437	24.5975
235.649	295.499	4	3	18.4107	11.5508
233.952	288.967	4	3	129.631	28.3947
232.577	299.3	4	3	46.258	20.4342
235.604	299.006	4	3	51.7954	21.5896
244.158	1.68379	3	3	11.6695	12.5848
247.694	6.14911	3	3	33.2606	24.3339
243.186	4.53237	3	3	38.4769	26.0619
241.37	15.6082	4	3	28.566	15.5026
246.433	12.3345	4	3	38.4205	18.5083
242.364	12.1015	4	3	40.1345	18.9614
246.368	19.6517	4	3	30.533	16.1615
245.727	18.1507	4	3	52.7713	21.7776
243.58	23.1756	8	3	171.065	33.5756
247.218	55.5109	4	3	121.079	28.1159
245.465	73.0035	4	3	81.7095	25.7316
245.056	84.4969	4	3	121.512	28.1314
243.783	142.242	3	3	10.3721	11.5521
247.932	150.692	3	3	23.7611	20.2393
240.213	149.998	4	3	86.6191	26.1672
247.811	153.246	4	3	37.1836	18.1694
245.479	160.038	4	3	24.9078	14.1902
240.727	166.663	4	3	97.0234	26.935
243.839	189.602	7	3	158.965	30.777
244.728	200.09	3	3	103.538	33.743
245.266	208.596	3	3	41.6026	26.9547
241.766	219.035	4	3	74.8768	25.0319
247.759	228.494	4	3	58.9608	22.8713
241.356	229.735	4	3	74.6432	25.0059
245.685	247.257	4	3	76.1182	25.1679
243.124	296.997	4	3	11.1285	8.05165
250.769	6.00671	4	3	32.2465	16.7103
251.792	12.7857	4	3	39.7325	18.8568
251.937	8.49677	3	3	29.694	22.9551
251.386	21.1661	3	3	58.27	30.3574
252.626	45.2563	4	3	69.0866	24.3408
252	73.4011	4	3	20.1428	12.2958
252.557	79.584	6	3	156.821	38.2011
253.142	93.4717	4	3	45.9176	20.3579
254.64	99.3894	3	3	49.0916	28.7322
250.591	111.06	3	3	109.966	33.9171
251.281	134.725	4	3	19.2874	11.9318
255.739	143.583	4	3	61.7991	23.3203
251.443	147.108	4	3	10.2962	7.61078
248.594	146.545	4	3	36.6818	18.029
252.695	155.843	4	3	27.1339	15.0027
254.724	163.936	4	3	41.2167	19.2379
248.431	171.397	4	3	77.7071	25.3359
249.824	178.198	4	3	115.307	27.8921
255.6	205.732	3	3	50.043	28.9261
251.237	214.056	4	3	22.2798	13.1726
254.414	213.574	4	3	53.7415	21.9601
253.43	223.939	4	3	28.6161	15.5198
252.764	220.785	4	3	59.8919	23.022
255.228	226.114	4	3	42.0133	19.4368
251.968	230.077	0	3	158.757	25.6989
251.842	235.942	4	3	66.5956	24.0121
255.696	240.429	4	3	72.6113	24.773
251.972	249.762	4	3	74.0573	24.9399
248.262	259.274	4	3	64.6521	23.7415
248.866	272.326	4	3	117.021	27.9618
258.529	14.0989	4	3	23.1275	13.508
257.114	9.2422	4	3	28.6192	15.5209
263.528	13.0132	4	3	34.3455	17.3521
263.967	10.5551	4	3	70.5756	24.5279
257.21	21.337	3	3	21.01	18.7732
260.997	16.6489	4	3	46.0458	20.3867
260.829	21.2646	4	3	48.066	20.8287
262.585	29.7107	3	3	125.969	34.212
259.085	46.5143	2	3	60.3391	22.7119
263.703	55.23	3	3	11.3103	12.3036
256.756	49.594	4	3	60.6019	23.1347
261.832	66.3526	4	3	142.496	28.7186
257.383	85.5031	4	3	79.5853	25.5264
256.599	120.844	3	3	86.0145	33.0082
260.149	131.242	4	3	90.1387	26.449
263.641	136.006	4	3	89.07	26.366
260.275	151.521	4	3	24.2576	13.9444
260.191	154.503	4	3	14.6204	9.80694
263.096	164.29	3	3	10.1904	11.4036
261.489	163.525	4	3	28.818	15.5888
257.556	160.282	4	3	32.9372	16.9251
259.755	165.788	4	3	41.1761	19.2277
258.498	171.554	7	3	10.1998	12.1899
261.09	175.539	7	3	43.5268	26.6464
263.059	184.126	4	3	12.5744	8.79659
257.487	190.412	4	3	13.1474	9.08465
256.955	192.863	4	3	26.9053	14.9213
261.735	198.446	4	3	38.0106	18.3971
257.963	197.682	6	3	18.5034	18.4049
262.868	201.269	4	3	21.3295	12.7883
257.24	206.803	3	3	57.5617	30.2499
260.36	220.23	4	3	41.3933	19.2823
258.49	228.98	7	3	58.7436	28.7057
257.784	233.615	4	3	55.7854	22.3308
262.847	247.126	4	3	79.0873	25.4768
256.89	254.083	4	3	82.5103	25.8063
257.835	254.506	4	3	88.6652	26.334
256.53	278.907	4	3	99.601	27.0971
258.765	295.595	3	3	12.2092	13.0007
263.883	289.739	4	3	42.3955	19.5309
268.256	0.921309	3	3	73.7539	32.1451
267.632	9.80545	4	3	27.8588	15.2579
269.968	57.8014	8	3	166.735	33.5707
271.541	70.19	4	3	96.9466	26.9301
267.36	100.651	3	3	96.0198	33.4822
267.04	131.46	4	3	72.9168	24.8088
266.918	142.666	3	3	66.4881	31.4266
269.167	150.349	4	3	88.545	26.3244
269.792	170.138	3	3	118.586	34.0964
265.122	182.056	3	3	53.5752	29.5919
267.958	187.708	4	3	51.9165	21.6132
271.365	190.489	7	3	54.0458	28.2126
269.531	193.364	4	3	44.0619	19.931
266.089	199.469	4	3	47.2196	20.6461
269.025	209.234	4	3	118.818	28.0319
266.424	226.655	4	3	14.504	9.75081
268.406	224.217	4	3	44.5217	20.0386
267.432	236.69	4	3	133.011	28.4899
265.788	254.689	4	3	29.1766	15.7105
270.347	270.516	4	3	101.843	27.2299
267.998	280.394	3	3	107.711	33.8605
266.397	298.802	3	3	22.255	19.4544
272.231	5.60519	4	3	63.8841	23.631
276.369	1.89195	3	3	68.7462	31.6699
274.778	20.3358	3	3	73.7867	32.148
279.079	46.4912	4	3	88.3719	26.3106
274.543	54.7215	3	3	49.4473	28.8055
272.99	56.5273	3	3	12.153	12.9577
274.292	77.7979	4	3	70.3892	24.5049
272.998	94.9762	4	3	93.0767	26.6664
279.763	97.6536	4	3	82.8893	25.8411
279.879	114.757	3	3	73.9015	32.1579
279.984	121.362	4	3	79.9465	25.5621
275.719	129.413	4	3	86.2971	26.1402
277.809	146.752	4	3	46.1598	20.4123
273.364	158.132	4	3	111.904	27.7446
276.839	161.826	3	3	72.9464	32.0741
276.382	180.862	4	3	102.405	27.2621
276.276	193.951	4	3	53.7552	21.9627
279.879	206.038	4	3	46.4229	20.4709
276.855	202.123	7	3	127.16	30.7036
276.838	202.428	3	3	66.4596	31.4234
276.114	219.88	4	3	53.2211	21.8627
278.589	229.08	4	3	99.869	27.1133
274.896	241.381	4	3	97.4574	26.963
272.656	254.868	4	3	58.7715	22.8402
277.275	261.313	4	3	10.9476	7.95655
278.848	260.585	4	3	39.6546	18.8365
279.475	272.202	6	3	160.706	38.2253
273.619	291.18	4	3	44.4509	20.0221
284.203	3.92049	4	3	13.7972	9.40648
282.624	7.96086	3	3	14.8314	14.912
282.933	17.3165	4	3	52.3492	21.6968
284.774	25.6775	6	3	152.757	38.1723
284.262	32.8548	3	3	109.021	33.8939
281.548	53.2684	3	3	26.3239	21.4825
284.721	49.1082	4	3	65.6467	23.8816
282.571	58.2121	4	3	78.0828	25.3747
284.423	76.0656	4	3	84.0647	25.9471
286.678	90.5225	4	3	76.2708	25.1843
283.968	108.522	4	3	48.0125	20.8172
286.476	127.578	4	3	110.477	27.679
283.236	152.175	4	3	86.9437	26.1943
286.98	197.67	4	3	17.1192	10.9746
284.1	201.822	4	3	76.3042	25.1879
286.205	212.243	4	3	103.527	27.3251
286.39	218.939	4	3	101.745	27.2243
287.757	237.04	4	3	35.519	17.6969
283.281	238.026	4	3	44.9272	20.1325
287.92	248.373	4	3	104.491	27.3778
283.223	259.381	4	3	37.7478	18.3253
281.381	273.845	4	3	105.512	27.4324
285.626	276.555	8	3	160.635	33.5621
283.579	291.201	3	3	22.1262	19.3853
280.296	291.591	3	3	36.8102	25.544
292.503	0.649317	4	3	40.4178	19.0345
288.482	7.88888	3	3	112.264	33.9704
290.551	38.7411	4	3	45.1687	20.188
293.422	44.4045	4	3	54.1536	22.0363
290.296	49.0705	4	3	80.9704	25.6614
291.414	65.6006	3	3	76.6643	32.385
288.256	72.9805	3	3	64.1161	31.1492
292.794	82.7638	4	3	98.2226	27.0117
295.043	85.7226	3	3	78.2441	32.5053
289.969	94.8069	4	3	14.5174	9.75728
288.517	88.9738	4	3	15.1885	10.0787
288.651	102.317	4	3	11.6936	8.34593
291.334	98.1628	4	3	19.333	11.9514
293.728	104.401	4	3	61.2554	23.2367
294.711	126.321	4	3	66.3245	23.9751
292.56	120.901	4	3	66.3797	23.9827
288.537	141.091	4	3	76.4274	25.2011
290.185	152.31	4	3	121.667	28.1369
289.991	174.757	4	3	103.584	27.3283
293.211	183.537	3	3	52.9593	29.4817
293.222	224.891	4	3	63.7101	23.6057
292.648	238.388	4	3	18.737	11.6936
290.408	238.98	4	3	30.8275	16.2574
293.555	258.483	4	3	58.6495	22.8201
291.223	267.117	4	3	21.1262	12.7049
294.336	271.476	4	3	77.9073	25.3567
293.109	284.588	3	3	90.529	33.2429
291.254	295.314	6	3	101.113	37.1264
296.238	27.2682	3	3	10.3433	11.5286
296.432	25.6654	3	3	34.4006	24.7392
297.18	33.1609	3	3	40.477	26.6445
299.525	48.6825	3	3	25.6137	21.1492
297.481	53.7607	4	3	67.8868	24.185
299.963	71.5113	4	3	116.849	27.955
298.626	148.272	4	3	137.974	28.6161
298.652	176.817	4	3	15.4492	10.2021
299.976	189.589	3	3	58.5449	30.3984
297.322	200.544	3	3	88.9922	33.1672
296.603	229.149	4	3	17.5686	11.1772
296.339	243.107	4	3	33.9316	17.2281
298.509	294.969	4	3	11.5067	8.24906
