X	Y	DBH	Mortclass
243.58	23.1756	171.065	1	
57.2845	284.272	170.829	1	
227.259	11.1737	170.5	2	
65.8249	73.7972	169.701	2	
199.776	243.163	168.681	1	
202.379	8.59815	168.501	2	
269.968	57.8014	166.735	1	
80.4482	81.8	162.16	1	
174.454	245.153	161.735	1	
279.475	272.202	160.706	2	
285.626	276.555	160.635	2	
184.119	87.2263	159.969	1	
237.098	240.868	159.398	1	
243.839	189.602	158.965	1	
251.968	230.077	158.757	1	
34.6874	121.479	158.692	1	
187.467	213.266	158.207	2	
72.465	212.9	157.985	1	
23.937	170.977	157.929	1	
119.545	268.006	157.659	1	
59.3189	52.9112	157.634	1	
252.557	79.584	156.821	2	
201.211	232.276	156.475	1	
114.075	237.005	155.992	1	
188.65	46.3112	154.513	1	
137.102	277.349	154.473	1	
284.774	25.6775	152.757	2	
191.427	245.583	152.166	1	
7.41252	211.166	149.937	1	
78.1379	145.464	148.272	2	
233.122	114.329	147.15	2	
52.3166	190.577	146.213	1	
114.035	109.449	144.466	1	
206.937	31.8022	143.065	1	
211.127	26.8753	142.797	1	
261.832	66.3526	142.496	2	
161.703	259.881	139.864	1	
123.432	161.164	138.856	1	
220.249	182.178	138.156	1	
298.626	148.272	137.974	2	
32.5953	249.063	136.608	1	
73.4546	137.529	135.209	2	
218.34	111.251	134.806	2	
91.1186	197.133	134.558	2	
267.432	236.69	133.011	1	
63.0448	138.634	130.857	1	
205.109	130.286	130.732	1	
233.952	288.967	129.631	1	
227.254	134.13	127.97	1	
276.855	202.123	127.16	1	
69.5236	146.239	127.053	1	
42.0016	33.0804	126.382	2	
28.6235	239.064	126.041	1	
262.585	29.7107	125.969	1	
221.943	12.4797	125.507	2	
68.4391	118.129	124.782	1	
22.835	79.8028	124.762	1	
203.871	174.965	123.531	1	
290.185	152.31	121.667	1	
239.004	132.672	121.542	2	
245.056	84.4969	121.512	2	
247.218	55.5109	121.079	1	
153.777	56.4455	119.859	1	
125.654	279.207	119.398	1	
219.799	248.251	119.245	2	
14.9898	248.468	118.964	1	
269.025	209.234	118.818	2	
269.792	170.138	118.586	1	
171.895	33.6481	118.357	1	
20.3604	2.37892	117.819	1	
72.0823	65.0041	117.66	2	
248.866	272.326	117.021	1	
12.7167	65.7647	116.861	2	
299.963	71.5113	116.849	1	
66.9279	97.6882	116.836	1	
210.866	52.0279	116.534	1	
215.352	258.527	116.21	1	
21.235	89.9648	115.583	1	
249.824	178.198	115.307	1	
19.8101	52.8168	114.69	1	
6.53765	235.82	114.639	1	
95.8898	54.7004	113.68	1	
30.205	185.668	113.639	2	
177.435	93.3609	112.424	1	
24.2313	14.3904	112.347	1	
288.482	7.88888	112.264	1	
36.6244	71.6368	112.035	2	
273.364	158.132	111.904	1	
199.015	208.346	111.706	1	
5.87098	77.1722	110.754	1	
147.648	235.786	110.67	2	
286.476	127.578	110.477	1	
146.432	66.9468	109.981	2	
250.591	111.06	109.966	1	
196.281	189.038	109.817	1	
138.645	75.0174	109.715	1	
166.451	90.2849	109.619	1	
222.8	157.201	109.548	1	
216.498	17.6541	109.497	1	
122.094	294.757	109.301	1	
180.474	10.8175	109.25	1	
136.113	194.336	109.237	2	
2.80508	251.925	109.176	1	
284.262	32.8548	109.021	1	
55.6964	294.932	107.89	1	
267.998	280.394	107.711	2	
28.2739	91.0018	107.509	1	
233.033	176.533	107.191	2	
11.1127	197.849	106.502	1	
51.2227	160.916	106.285	1	
164.782	15.0412	106.171	1	
221.6	234.521	105.918	1	
129.157	35.9936	105.82	2	
77.0932	202.14	105.767	2	
281.381	273.845	105.512	2	
156.71	290.782	104.992	2	
109.039	297.283	104.546	1	
287.92	248.373	104.491	1	
289.991	174.757	103.584	1	
244.728	200.09	103.538	1	
286.205	212.243	103.527	2	
162.755	296.588	103.457	2	
102.456	292.093	103.108	2	
33.6911	47.7566	103.082	1	
77.6176	253.988	103.049	2	
120.684	212.536	102.56	1	
276.382	180.862	102.405	1	
143.1	22.0492	102.364	1	
157.548	284.47	102.352	1	
148.213	158.921	102.128	2	
270.347	270.516	101.843	2	
286.39	218.939	101.745	2	
91.4581	182.717	101.47	2	
291.254	295.314	101.113	1	
140.02	117.93	100.787	1	
156.008	3.65609	100.695	1	
99.9948	43.045	100.618	1	
96.4984	298.728	100.559	2	
176.266	290.019	100.427	2	
157.034	236.53	100.334	2	
111.337	159.432	100.239	1	
134.444	214.57	100.124	1	
82.9673	15.862	99.9932	1	
278.589	229.08	99.869	2	
212.713	221.909	99.6128	1	
256.53	278.907	99.601	1	
126.127	142.072	99.5658	1	
97.979	5.25733	99.3532	1	
132.654	11.0503	99.185	2	
6.14339	19.0079	98.4872	1	
161.26	144.68	98.4239	2	
292.794	82.7638	98.2226	1	
91.5915	283.555	97.8462	1	
23.3655	151.2	97.7586	1	
135.216	105.491	97.7508	1	
185.407	203.153	97.73	1	
168.135	185.815	97.6495	1	
274.896	241.381	97.4574	1	
12.0235	172.803	97.1474	1	
77.1014	194.236	97.1409	1	
212.776	268.886	97.0892	1	
240.727	166.663	97.0234	2	
65.3147	277.145	96.9539	1	
271.541	70.19	96.9466	1	
120.628	143.335	96.8504	1	
53.7883	205.741	96.5463	2	
147.917	222.217	96.3067	1	
233.516	123.235	96.0429	1	
267.36	100.651	96.0198	1	
3.87617	128.553	95.9984	1	
16.4551	285.936	95.9819	1	
169.052	8.39775	95.693	1	
129.893	103.827	95.6218	2	
209.372	244.968	95.5016	1	
199.935	279.636	95.3178	2	
9.83754	135.638	95.1706	2	
14.2246	282.322	95.1637	1	
221.5	45.0827	95.1409	1	
190.781	174.031	94.8538	1	
199.667	163.051	94.7316	1	
112.295	268.363	94.5793	1	
235.637	152.728	94.5372	2	
52.3299	69.605	94.5359	2	
228.801	33.2892	94.4975	2	
120.415	99.3259	94.4064	2	
193.976	289.707	94.2366	1	
116.702	87.6482	94.2158	1	
64.0154	207.269	94.1518	2	
237.725	76.8047	93.1345	1	
185.723	54.3192	93.0964	1	
272.998	94.9762	93.0767	1	
177.78	213.325	92.8717	1	
106.312	79.5702	91.5478	1	
123.817	212.974	91.3238	1	
195.17	280.585	91.1959	1	
129.341	24.566	91.188	2	
204.222	293.728	91.151	1	
38.6515	128.029	90.9103	2	
143.599	100.041	90.5668	1	
84.2909	172.039	90.5498	1	
293.109	284.588	90.529	2	
20.0773	191.223	90.3885	2	
65.5045	21.4457	90.3376	2	
86.9924	82.9878	90.3368	1	
260.149	131.242	90.1387	1	
32.5282	144.274	89.9069	1	
219.311	143.727	89.8866	1	
148.971	13.6446	89.7804	1	
180.553	289.21	89.7325	2	
118.458	126.994	89.6651	1	
31.8521	7.89338	89.6115	1	
203.622	40.6667	89.2679	2	
139.223	34.0685	89.138	1	
172.511	283.385	89.1265	1	
263.641	136.006	89.07	1	
297.322	200.544	88.9922	2	
208.465	120.826	88.8702	1	
21.7369	274.146	88.8102	1	
257.835	254.506	88.6652	1	
226.574	85.7877	88.5481	1	
269.167	150.349	88.545	2	
279.079	46.4912	88.3719	1	
33.7172	299.245	88.2524	1	
48.2579	292.054	88.2298	1	
70.5948	192.34	88.1863	1	
125.046	19.8629	88.1809	1	
107.204	131.779	88.0957	2	
0.928586	249.652	88.0764	1	
172.405	80.2575	88.0495	1	
74.9928	21.3878	87.9412	1	
209.541	157.043	87.8765	2	
156.022	74.9414	87.8585	1	
170.925	203.844	87.6582	2	
142.405	3.80412	87.4412	2	
119.352	226.245	87.3556	1	
83.4516	60.1862	87.3484	1	
13.2328	123.98	87.228	2	
87.0173	90.4025	87.2237	1	
223.674	84.1498	86.9997	1	
283.236	152.175	86.9437	1	
93.2151	124.544	86.7443	1	
240.213	149.998	86.6191	1	
41.1268	290.718	86.3108	1	
275.719	129.413	86.2971	1	
164.838	270.693	86.1224	1	
111.265	66.7177	86.1096	1	
126.754	122.519	86.0251	2	
256.599	120.844	86.0145	1	
227.302	229.351	85.1683	1	
210.464	72.506	85.1077	1	
69.0916	19.4476	85.0957	1	
52.2821	260.394	84.9299	2	
174.958	134.162	84.9138	1	
66.5774	262.321	84.8575	2	
27.7561	112.29	84.8228	1	
111.965	127.933	84.3019	1	
117.207	148.458	84.1166	1	
74.2544	272.032	84.0661	1	
284.423	76.0656	84.0647	1	
172.667	195.932	83.6733	1	
35.6345	113.256	83.6195	2	
112.097	206.106	83.5899	2	
1.46894	92.6054	83.3011	1	
0.75233	110.484	83.2936	1	
43.5043	195.677	83.2925	2	
9.80033	164.731	83.0638	1	
86.7638	134.155	83.0545	2	
175.327	172.967	83.019	1	
279.763	97.6536	82.8893	1	
118.903	13.6341	82.7576	1	
82.742	162.531	82.737	1	
188.279	8.0756	82.6641	1	
256.89	254.083	82.5103	2	
50.2891	88.8031	82.4407	1	
128.269	131.505	82.3861	1	
107.616	228.831	82.3456	2	
180.801	191.234	82.0181	1	
245.465	73.0035	81.7095	1	
50.9444	131.928	81.6826	1	
174.517	177.841	81.6575	2	
40.0239	243.887	81.4226	2	
190.74	111.06	81.1003	2	
104.801	178.931	81.0092	1	
290.296	49.0705	80.9704	2	
25.7229	209.965	80.8657	1	
68.6169	46.2125	80.7652	1	
193.323	105.076	80.4937	1	
180.192	217.322	80.4025	1	
279.984	121.362	79.9465	2	
147.822	83.002	79.8976	1	
213.479	196.367	79.7438	1	
213.933	165.279	79.6278	1	
257.383	85.5031	79.5853	1	
201.259	73.4865	79.3961	1	
37.4772	154.22	79.2869	2	
262.847	247.126	79.0873	1	
131.255	4.43259	79.014	2	
126.594	114.563	79.0017	1	
26.3911	62.5081	78.9318	2	
172.747	65.9294	78.7937	2	
295.043	85.7226	78.2441	1	
57.7818	178.324	78.2406	2	
282.571	58.2121	78.0828	1	
294.336	271.476	77.9073	1	
248.431	171.397	77.7071	2	
204.587	261.33	77.6523	2	
30.6993	209.455	77.5377	1	
101.948	124.601	77.2145	2	
116.426	66.2458	77.0659	2	
20.9538	151.702	77.033	1	
164.59	278.676	77.0012	2	
206.588	195.626	76.9969	2	
72.7049	255.103	76.7003	1	
291.414	65.6006	76.6643	1	
288.537	141.091	76.4274	2	
181.972	274.722	76.3906	2	
223.119	131.419	76.3452	2	
284.1	201.822	76.3042	1	
286.678	90.5225	76.2708	2	
156.317	183.073	76.1821	1	
245.685	247.257	76.1182	2	
16.7658	90.5526	75.8843	2	
215.579	169.174	75.3893	1	
138.124	124.839	75.2406	1	
241.766	219.035	74.8768	2	
205.309	97.6525	74.7549	1	
51.5762	95.3847	74.6887	1	
241.356	229.735	74.6432	1	
236.268	192.242	74.6107	1	
201.825	201.426	74.1132	1	
251.972	249.762	74.0573	1	
279.879	114.757	73.9015	1	
274.778	20.3358	73.7867	1	
174.203	198.766	73.7856	1	
268.256	0.921309	73.7539	1	
172.758	275.373	73.4747	2	
187.703	282.632	73.361	1	
51.0456	47.0596	73.3456	2	
208.354	147.447	73.1535	1	
59.4839	215.499	73.0354	2	
85.9348	204.082	72.9537	1	
276.839	161.826	72.9464	1	
267.04	131.46	72.9168	1	
124.029	110.279	72.6506	1	
255.696	240.429	72.6113	1	
38.9196	157.983	71.8481	1	
58.3807	236.51	71.693	2	
37.8963	177.617	71.4035	1	
25.9126	195.564	71.3234	1	
150.895	123.495	71.2661	2	
129.799	35.3869	71.2435	1	
130.184	98.0401	71.1489	1	
236.025	272.574	71.1437	2	
70.3657	243.463	71.1215	1	
41.3024	108.924	71.0563	2	
184.67	263.815	70.8902	1	
118.345	249.12	70.6539	1	
114.726	281.045	70.6313	2	
263.967	10.5551	70.5756	1	
140.368	148.341	70.4994	1	
274.292	77.7979	70.3892	1	
104.898	182.399	70.3793	1	
112.35	164.082	70.1347	1	
71.8716	281.138	70.0781	1	
52.5349	256.637	69.4119	1	
147.092	278.939	69.3715	1	
0.786871	291.519	69.1877	2	
252.626	45.2563	69.0866	2	
276.369	1.89195	68.7462	2	
61.2244	169.974	68.5102	1	
200.384	22.4818	68.4031	1	
53.2774	62.0556	68.3918	1	
47.2373	243.539	68.2972	1	
55.0765	179.585	67.8921	1	
297.481	53.7607	67.8868	2	
26.6605	118.042	67.7657	1	
62.0113	36.7122	67.6006	1	
81.557	299.044	67.5436	1	
145.029	128.718	67.5015	1	
179.381	140.673	67.1413	1	
80.5182	228.189	66.7215	2	
251.842	235.942	66.5956	2	
7.6873	43.1034	66.5505	2	
266.918	142.666	66.4881	1	
276.838	202.428	66.4596	1	
209.24	291.309	66.4571	1	
292.56	120.901	66.3797	1	
101.123	266.972	66.3701	2	
65.9441	126.541	66.3551	1	
23.6788	227.772	66.3256	1	
294.711	126.321	66.3245	1	
37.4997	204.241	66.207	1	
5.39956	275.628	66.1752	1	
112.55	140.864	66.1628	2	
99.8684	147.626	66.0784	1	
108.947	47.7602	66.0582	1	
38.5448	232.578	66.0141	2	
166.002	125.184	65.9632	2	
47.5076	225.455	65.7147	1	
284.721	49.1082	65.6467	1	
218.611	278.72	65.4312	2	
194.506	270.486	65.394	2	
94.7515	224.239	65.1155	2	
132.068	121.906	64.7258	1	
248.262	259.274	64.6521	2	
140.649	140.939	64.6078	1	
214.929	0.540585	64.5641	1	
145.422	140.953	64.5607	2	
120.235	196.468	64.5485	1	
109.617	57.1799	64.5323	2	
81.5682	275.679	64.3213	2	
36.5117	171.646	64.2862	1	
81.0466	155.329	64.1756	2	
288.256	72.9805	64.1161	1	
145.766	269.561	64.0313	1	
99.4996	139.804	63.9305	1	
272.231	5.60519	63.8841	1	
233.09	260.683	63.8037	1	
228.643	59.3592	63.7423	1	
293.222	224.891	63.7101	1	
33.0369	274.329	63.6813	2	
158.829	113.923	63.5888	2	
70.924	235.339	63.5835	1	
90.1158	250.374	62.6205	1	
32.2027	208.037	62.4036	1	
56.8772	229.496	62.366	1	
50.3841	230.379	61.9143	1	
255.739	143.583	61.7991	1	
222.736	55.1811	61.7073	1	
123.88	59.8742	61.6991	1	
135.185	129.105	61.6843	1	
51.2876	149.646	61.6754	1	
20.1375	42.4835	61.3985	2	
74.453	224.595	61.2894	1	
112.428	251.509	61.2732	1	
293.728	104.401	61.2554	2	
217.815	69.7863	61.0577	1	
82.8004	221.202	60.9218	1	
83.2919	147.933	60.7803	2	
62.5787	229.233	60.7569	2	
60.6463	245.333	60.7502	1	
151.916	144.213	60.6882	2	
29.0848	109.104	60.6628	1	
256.756	49.594	60.6019	1	
233.843	203.017	60.5724	1	
259.085	46.5143	60.3391	2	
235.383	266.613	60.3364	2	
161.859	119.978	60.0374	1	
139.702	284.329	60.0017	1	
252.764	220.785	59.8919	2	
85.7652	130.109	59.6392	1	
16.297	37.5196	59.5451	1	
89.4356	160.789	59.3905	1	
99.6747	18.3239	59.3731	2	
166.236	176.932	59.274	2	
105.897	190.749	59.0837	1	
70.4219	222.014	59.0475	1	
247.759	228.494	58.9608	1	
239.105	45.8607	58.8851	2	
41.3221	17.7188	58.8714	1	
272.656	254.868	58.7715	1	
258.49	228.98	58.7436	1	
293.555	258.483	58.6495	1	
43.5156	280.196	58.64	2	
216.393	118.756	58.612	1	
299.976	189.589	58.5449	1	
66.9767	268.855	58.5299	2	
40.5441	27.848	58.5204	2	
79.2552	116.367	58.4727	2	
76.9734	125.092	58.4713	1	
221.996	0.886112	58.3932	1	
251.386	21.1661	58.27	1	
134.056	233.979	58.1327	1	
41.4583	136.102	58.1258	2	
233.831	15.9424	57.7303	1	
17.8999	234.663	57.7021	2	
257.24	206.803	57.5617	2	
82.1684	87.0295	57.5588	1	
54.5712	145.42	56.9203	1	
4.1261	268.119	56.8402	1	
53.7641	40.8679	56.7892	2	
106.158	228.338	56.6286	1	
49.7371	248.117	56.5649	2	
124.435	152.074	56.4121	1	
103.467	217.781	56.334	1	
156.855	119.107	56.2104	2	
198.584	59.9239	55.9719	1	
124.285	127.181	55.9183	1	
257.784	233.615	55.7854	2	
33.1912	60.664	55.7648	1	
41.0873	47.1386	55.7606	2	
231.257	103.969	55.7414	2	
81.8195	217.322	55.3647	1	
236.105	42.3883	55.2319	2	
42.5025	276.515	55.0259	1	
61.1161	58.1828	54.9321	1	
293.422	44.4045	54.1536	1	
271.365	190.489	54.0458	1	
60.3988	119.698	53.8102	1	
276.276	193.951	53.7552	2	
254.414	213.574	53.7415	1	
265.122	182.056	53.5752	2	
116.348	34.5672	53.4301	1	
128.313	81.4839	53.3792	1	
115.417	48.5322	53.3668	1	
72.6632	173.513	53.242	1	
276.114	219.88	53.2211	1	
40.18	102.615	53.1688	2	
89.2016	215.732	53.1471	1	
121.649	91.8271	53.0147	1	
293.211	183.537	52.9593	2	
3.35602	294.656	52.7929	1	
245.727	18.1507	52.7713	1	
222.612	29.6157	52.7518	2	
159.15	8.49568	52.66	1	
6.57007	287.801	52.6253	1	
187.769	190.721	52.5354	2	
282.933	17.3165	52.3492	2	
231.177	67.4029	52.0641	1	
160.927	160.686	51.9218	2	
267.958	187.708	51.9165	2	
235.604	299.006	51.7954	1	
78.6232	235.628	51.7577	1	
139.965	205.928	51.5531	1	
112.822	0.247678	51.0761	1	
27.6271	38.5605	51.0728	2	
31.6418	269.606	50.9614	1	
103.949	59.8216	50.8924	1	
74.2823	155.928	50.8	1	
68.5985	12.0956	50.7495	1	
46.3197	76.5546	50.5098	2	
27.1089	106.883	50.4894	1	
105.493	199.754	50.4816	1	
134.553	270.796	50.3549	1	
190.673	115.341	50.3497	1	
137.407	198.331	50.2887	1	
181.179	124.913	50.2569	1	
98.3849	227.376	50.2516	1	
123.97	243.985	50.2483	1	
2.55146	265.969	50.1612	1	
187.001	226.963	50.139	1	
255.6	205.732	50.043	2	
53.8187	166.057	49.7386	2	
44.2722	57.5521	49.6637	1	
274.543	54.7215	49.4473	2	
66.1897	166.117	49.4343	2	
141.124	56.9428	49.2563	2	
233.303	71.1857	49.2502	2	
254.64	99.3894	49.0916	1	
187.686	134.293	48.9491	1	
142.784	145.837	48.9315	2	
182.294	26.5057	48.7663	1	
213.267	275.436	48.7451	1	
149.902	207.051	48.1985	1	
98.0765	210.081	48.1595	1	
189.706	185.305	48.1051	2	
208.967	10.6606	48.1021	2	
260.829	21.2646	48.066	1	
146.056	249.862	48.0637	1	
283.968	108.522	48.0125	1	
114.71	260.905	47.9426	1	
67.5845	123.02	47.9128	1	
88.966	221.379	47.6166	2	
63.441	122.339	47.5318	1	
172.006	84.9777	47.4488	2	
183.323	220.79	47.437	2	
67.1167	249.505	47.394	1	
6.9448	42.2759	47.3487	1	
266.089	199.469	47.2196	2	
221.382	64.3248	47.1854	1	
189.53	137.854	47.1561	1	
172.196	71.3971	46.843	2	
184.626	22.0424	46.6276	1	
69.6724	161.776	46.5003	1	
279.879	206.038	46.4229	1	
212.175	76.8816	46.3839	2	
232.577	299.3	46.258	1	
277.809	146.752	46.1598	1	
34.8079	162.873	46.1508	1	
260.997	16.6489	46.0458	1	
58.2328	153.758	46.0315	2	
253.142	93.4717	45.9176	1	
129.494	268.801	45.7254	1	
42.1631	182.088	45.4797	1	
31.748	36.4206	45.4086	1	
290.551	38.7411	45.1687	1	
78.1725	112.11	45.1487	1	
93.6776	217.979	44.9446	1	
70.2515	178.234	44.9371	1	
283.281	238.026	44.9272	1	
189.502	258.73	44.7222	2	
150.799	199.224	44.7198	1	
190.098	280	44.6658	1	
76.5458	166.448	44.5968	1	
178.649	152.392	44.5967	2	
268.406	224.217	44.5217	1	
146.362	193.825	44.4836	1	
273.619	291.18	44.4509	1	
233.551	103.543	44.431	1	
231.877	8.6515	44.3986	2	
136.701	192.445	44.3509	1	
220.193	75.4753	44.0923	2	
269.531	193.364	44.0619	2	
130.451	68.4866	44.0445	1	
76.6623	234.244	44.0217	1	
92.5842	244.62	43.9443	2	
13.6256	33.1098	43.9266	1	
16.8835	246.952	43.7519	1	
7.32144	271.264	43.6647	1	
181.125	113.58	43.6193	2	
188.941	25.9601	43.5574	1	
261.09	175.539	43.5268	1	
197.422	256.896	43.4824	1	
232.25	4.92439	43.4566	1	
126.471	177.335	43.4035	1	
29.6646	215.214	43.3271	2	
186.294	212.53	43.2592	1	
122.976	191.89	43.1594	1	
8.82246	28.8637	43.0368	1	
70.7761	94.0797	42.9361	2	
129.8	205.202	42.6451	1	
76.5289	242.294	42.4763	2	
263.883	289.739	42.3955	1	
8.56028	89.083	42.3939	1	
86.3343	248.043	42.3134	2	
209.65	64.4906	42.2832	2	
135.849	153.259	42.194	1	
157.895	245.518	42.0325	2	
255.228	226.114	42.0133	1	
71.6648	114.291	41.9412	1	
78.1523	98.8545	41.8594	1	
13.5582	145.879	41.8167	2	
245.266	208.596	41.6026	1	
260.36	220.23	41.3933	2	
135.515	264.406	41.2793	1	
97.731	113.064	41.2275	2	
254.724	163.936	41.2167	1	
113.393	195.179	41.213	1	
259.755	165.788	41.1761	1	
121.847	172.493	41.098	1	
51.5885	118.537	40.9825	1	
37.2345	60.9201	40.9041	1	
2.95807	161.251	40.671	1	
239.408	4.99953	40.6157	2	
75.3752	78.4616	40.5646	1	
98.7737	263.151	40.4994	1	
212.856	62.5068	40.4968	1	
297.18	33.1609	40.477	1	
292.503	0.649317	40.4178	2	
242.364	12.1015	40.1345	2	
160.205	249.54	39.926	1	
147.812	172.884	39.8858	1	
108.955	172.418	39.8206	1	
251.792	12.7857	39.7325	2	
160.003	242.058	39.7228	1	
278.848	260.585	39.6546	1	
73.3807	228.558	39.6372	2	
41.9116	228.249	39.4632	1	
171.041	117.091	39.3705	1	
169.926	232.815	39.3156	1	
50.5045	179.638	39.2644	2	
243.186	4.53237	38.4769	2	
246.433	12.3345	38.4205	2	
185.416	46.2182	38.3244	1	
121.957	176.142	38.262	1	
174.813	231.526	38.0993	2	
183.692	252.325	38.0491	1	
261.735	198.446	38.0106	2	
124.277	179.262	37.9613	2	
283.223	259.381	37.7478	2	
141.156	280.341	37.6837	1	
0.358413	40.8595	37.5645	2	
125.363	267.695	37.4789	1	
212.085	209.159	37.4635	1	
163.821	67.1316	37.3589	2	
247.811	153.246	37.1836	1	
17.7736	120.664	37.096	1	
143.393	263.041	37.0597	2	
280.296	291.591	36.8102	1	
71.2502	55.9298	36.7769	2	
93.9511	263.821	36.6961	1	
248.594	146.545	36.6818	2	
175.521	17.5573	36.6211	2	
153.39	264.496	36.5022	1	
82.4398	229.198	36.4556	2	
142.493	204.354	36.2286	1	
234.661	55.1193	36.1911	1	
87.2847	233.872	35.958	2	
132.104	168.734	35.9154	1	
99.5833	217.641	35.8533	1	
87.0648	260.011	35.8523	1	
80.9185	245.867	35.8187	1	
160.142	240.083	35.8122	2	
102.043	257.121	35.6952	1	
116.105	191.625	35.6641	1	
53.9544	19.4755	35.6557	2	
180.356	253.229	35.5515	1	
71.658	293.66	35.5504	1	
56.2874	22.1215	35.5411	1	
59.1884	28.0159	35.5209	1	
83.7808	238.912	35.5191	2	
287.757	237.04	35.519	1	
192.098	156.946	35.5186	1	
50.3291	17.8966	35.3341	2	
135.322	256.581	35.1029	1	
205.161	190.268	34.9236	1	
91.5868	211.417	34.424	2	
296.432	25.6654	34.4006	2	
46.5187	60.6487	34.3588	2	
263.528	13.0132	34.3455	1	
176.853	42.8888	34.3447	1	
109.697	220.44	34.2255	1	
212.235	137.279	34.2225	1	
59.427	14.573	34.1407	1	
127.035	171.354	34.0337	1	
296.339	243.107	33.9316	1	
140.008	157.665	33.7228	1	
51.6543	14.8134	33.6795	1	
0.154013	45.6169	33.531	2	
53.711	207.316	33.4146	2	
164.052	241.345	33.2687	2	
247.694	6.14911	33.2606	1	
54.1677	30.1548	33.1	2	
82.7486	51.4471	32.958	2	
257.556	160.282	32.9372	1	
64.3671	158.877	32.931	1	
67.3628	294.19	32.8114	1	
148.589	202.336	32.8036	1	
96.1915	67.182	32.7358	1	
26.6375	267.172	32.7164	1	
86.2251	226.281	32.4703	1	
130.811	264.994	32.4653	1	
40.9143	278.339	32.4602	1	
152.356	205.833	32.2521	2	
250.769	6.00671	32.2465	2	
89.0653	110.218	32.1289	1	
173.003	256.051	32.0875	1	
235.989	25.8879	32.0429	1	
182.349	127.028	31.9477	1	
43.5354	137.587	31.8551	1	
86.6246	230.375	31.8353	1	
206.022	17.0163	31.8161	2	
153.739	251.005	31.775	1	
25.4412	291.897	31.664	1	
70.1224	111.814	31.6323	1	
22.2605	107.022	31.5378	1	
150.114	253.73	31.4856	1	
121.551	187.858	31.3826	2	
95.4781	255.332	31.3603	1	
163.85	109.541	31.3292	2	
46.6881	19.6705	31.3291	1	
38.5165	230.677	31.021	2	
32.3607	221.808	30.9371	1	
71.3801	5.28565	30.8921	1	
166.861	55.1554	30.8819	1	
290.408	238.98	30.8275	1	
47.4236	15.3758	30.7969	1	
58.2752	110.993	30.7281	1	
89.6677	269.938	30.7177	2	
143.398	245.325	30.6786	1	
129.581	241.977	30.6763	1	
116.121	186.28	30.6187	1	
27.5005	289.098	30.6186	1	
246.368	19.6517	30.533	1	
67.2513	158.3	30.4152	1	
103.103	222.724	30.2479	1	
185.884	146.462	30.1841	1	
127.7	173.214	30.1416	1	
3.30607	90.1172	29.9177	2	
76.6315	289.43	29.854	1	
170.442	108.254	29.7769	1	
119.473	29.0728	29.7467	1	
251.937	8.49677	29.694	2	
156.798	238.015	29.6115	2	
70.8843	35.9051	29.4417	1	
265.788	254.689	29.1766	1	
192.472	153.583	29.1294	1	
14.748	209.452	28.9872	2	
261.489	163.525	28.818	1	
24.0191	229.803	28.7836	1	
36.8708	236.022	28.708	1	
257.114	9.2422	28.6192	1	
253.43	223.939	28.6161	2	
241.37	15.6082	28.566	2	
180.258	147.419	28.5205	2	
33.3343	289.277	28.5096	1	
155.047	276.08	28.4607	1	
161.275	236.653	28.4288	2	
59.5553	269.494	28.2621	1	
142.94	255.565	27.9642	2	
267.632	9.80545	27.8588	1	
252.695	155.843	27.1339	1	
47.0911	175.393	26.9364	1	
256.955	192.863	26.9053	1	
180.678	17.201	26.6372	2	
8.45826	279.184	26.3487	2	
281.548	53.2684	26.3239	2	
86.8428	242.773	26.1642	2	
197.37	56.2806	26.1248	2	
120.168	184.919	26.09	1	
130.419	244.703	26.0824	1	
11.3266	261.811	25.9049	2	
29.9631	262.468	25.8395	1	
184.346	161.66	25.7415	1	
67.4913	113.775	25.6533	1	
82.7391	236.551	25.6254	1	
299.525	48.6825	25.6137	1	
143.028	256.671	25.5991	1	
193.044	36.5863	25.4936	1	
23.882	261.537	25.479	2	
129.876	121.859	25.4547	2	
22.0477	261.103	25.3717	2	
53.2236	112.854	25.364	1	
197.4	144.926	25.3052	1	
239.103	276.502	25.3033	1	
64.666	247.517	25.2615	1	
102.663	107.417	25.1768	1	
16.0527	212.871	25.0904	1	
245.479	160.038	24.9078	1	
55.4601	9.09148	24.8833	1	
134.807	247.158	24.7408	1	
30.6153	288.072	24.6095	1	
138.609	172.283	24.5889	2	
67.4231	110.522	24.5825	2	
86.0866	47.5135	24.5782	2	
72.555	38.5725	24.5764	1	
5.44754	47.1458	24.5473	1	
24.2499	256.14	24.5185	1	
144.089	176.596	24.4997	1	
260.275	151.521	24.2576	1	
54.63	116.031	23.8064	1	
119.62	189.112	23.8029	2	
247.932	150.692	23.7611	1	
45.9717	284.532	23.752	1	
117.25	171.292	23.7341	2	
44.8619	242.837	23.7203	1	
222.816	108.157	23.624	1	
137.148	176.707	23.4336	1	
119.815	251.083	23.409	2	
103.958	195.513	23.3733	2	
226.55	260.259	23.2475	2	
258.529	14.0989	23.1275	1	
174.859	257.342	22.9726	1	
29.8879	272.32	22.7537	1	
178.175	246.571	22.7355	1	
50.8278	141.532	22.7317	1	
189.512	157.427	22.6992	1	
167.04	78.2453	22.4117	1	
170.404	234.789	22.3858	1	
167.3	63.0001	22.282	1	
251.237	214.056	22.2798	1	
232.667	90.6779	22.2594	1	
266.397	298.802	22.255	2	
62.751	11.4712	22.2019	1	
93.918	267.382	22.1366	2	
283.579	291.201	22.1262	1	
167.408	236.898	22.125	1	
32.0165	202.189	22.1065	2	
61.5961	89.2054	22.0097	1	
146.989	127.607	21.7236	1	
66.2042	231.193	21.6597	1	
120.131	293.491	21.3628	1	
262.868	201.269	21.3295	1	
133.364	258.908	21.3253	1	
71.244	288.735	21.2327	1	
13.6814	213.527	21.1724	2	
291.223	267.117	21.1262	1	
104.747	245.488	21.0777	2	
8.1322	262.934	21.0657	1	
257.21	21.337	21.01	2	
76.8826	45.1981	20.9908	1	
13.9126	105.946	20.6903	1	
43.413	232.111	20.6885	2	
173.358	267.228	20.6015	1	
145.755	246.537	20.5966	1	
116.74	26.7111	20.519	2	
12.0389	105.762	20.4506	2	
65.1657	0.521409	20.4355	2	
174.154	259.055	20.3601	2	
186.134	35.946	20.2687	1	
252	73.4011	20.1428	2	
81.7804	69.2129	20.007	1	
188.047	39.8458	19.9608	2	
101.343	240.719	19.923	2	
32.9653	122.896	19.7673	1	
219.962	125.756	19.7468	1	
83.5844	139.52	19.7235	2	
78.5478	240.069	19.6685	2	
291.334	98.1628	19.333	2	
251.281	134.725	19.2874	1	
104.706	144.975	19.2134	1	
80.425	103.274	19.1495	1	
2.23614	219.009	19.0922	2	
216.615	127.298	19.0859	1	
140.26	184.932	18.9369	1	
49.3759	141.304	18.7489	1	
292.648	238.388	18.737	1	
124.156	173.5	18.6854	1	
257.963	197.682	18.5034	2	
92.2497	262.14	18.4349	1	
235.649	295.499	18.4107	2	
85.8059	262.684	18.3513	2	
142.646	249.735	18.1551	2	
73.0887	10.6125	18.1518	2	
115.006	172.721	18.1352	1	
179.008	47.8567	17.9407	1	
120.094	205.496	17.868	2	
110.809	243.33	17.8543	1	
296.603	229.149	17.5686	1	
215.072	126.964	17.4998	1	
27.4114	121.032	17.4687	2	
195.811	56.0637	17.4346	2	
109.211	187.032	17.3591	1	
112.431	195.023	17.3309	1	
43.4151	78.7662	17.1858	1	
37.1941	175.019	17.1849	1	
286.98	197.67	17.1192	1	
148.286	247.048	16.9934	2	
60.1578	237.787	16.9746	1	
180.306	168.288	16.6622	1	
61.931	114.349	16.6436	1	
42.0079	148.776	16.55	1	
49.3581	55.442	16.5087	1	
23.4497	225.472	16.2587	1	
71.6207	220.332	16.2378	1	
0.547419	161.369	16.2132	1	
44.8795	140.801	16.2077	1	
131.758	178.715	16.0557	1	
199.048	152.541	15.997	2	
215.852	204.837	15.9693	1	
143.661	251.196	15.8775	1	
64.3889	172.479	15.8745	1	
81.2865	233.24	15.7089	1	
1.94674	158.063	15.6074	1	
195.129	43.7048	15.5949	2	
164.663	133.43	15.5274	1	
163.745	245.68	15.5144	1	
298.652	176.817	15.4492	1	
169.47	58.5853	15.3958	1	
3.77278	297.607	15.2999	2	
147.692	124.427	15.2679	2	
124.493	73.3437	15.2101	1	
288.517	88.9738	15.1885	1	
106.005	251.01	15.1292	2	
188.042	160.975	15.1031	1	
146.507	190.483	14.9982	1	
183.694	37.4806	14.9689	1	
97.1804	108.023	14.9234	1	
282.624	7.96086	14.8314	1	
65.1337	0.80968	14.8217	1	
137.018	190.431	14.7997	1	
223.715	20.5412	14.729	1	
185.566	39.3987	14.7131	1	
212.789	7.66571	14.7018	1	
32.8443	286.121	14.6584	1	
10.8114	133.077	14.6412	2	
49.8073	169.046	14.634	2	
260.191	154.503	14.6204	2	
29.4796	292.296	14.5811	1	
18.6152	258.954	14.525	2	
289.969	94.8069	14.5174	1	
266.424	226.655	14.504	1	
178.301	72.091	14.485	1	
189.105	269.434	14.4698	1	
132.167	206.569	14.4414	2	
104.676	242.7	14.3228	1	
101.509	232.681	14.3165	1	
52.3381	274.394	14.2373	1	
35.8537	82.8911	14.1427	2	
63.3323	118.83	14.0371	2	
148.251	188.05	13.9974	1	
168.755	231.146	13.9325	1	
6.0914	44.0272	13.8481	1	
220.678	296.013	13.8075	2	
129.914	261.816	13.8071	2	
15.909	261.142	13.801	1	
284.203	3.92049	13.7972	1	
127.599	185.37	13.7811	1	
70.9167	298.142	13.7618	1	
81.7242	49.717	13.71	2	
82.5319	98.175	13.627	1	
121.402	181.11	13.6157	2	
79.9432	162.85	13.6154	1	
199.31	138.528	13.5843	2	
207.792	1.40194	13.5697	1	
89.6966	113.301	13.5549	1	
52.7897	121.328	13.4339	2	
163.663	237.606	13.3881	2	
56.4235	119.186	13.3381	2	
37.7018	226.627	13.2856	1	
21.1616	222.942	13.2136	1	
257.487	190.412	13.1474	1	
174.618	261.465	13.1059	2	
166.229	101.951	13.1012	1	
9.56538	208.419	13.0665	1	
206.983	12.9552	12.9885	1	
175.546	52.3676	12.9495	2	
32.3935	236.29	12.9461	1	
218.803	60.5139	12.9232	1	
138.591	263.201	12.9056	1	
62.2666	195.214	12.7527	2	
47.1563	157.837	12.7254	1	
156.52	68.913	12.7142	1	
208.69	69.8606	12.6603	1	
33.6557	59.4361	12.5973	1	
162.742	53.1113	12.5842	2	
263.059	184.126	12.5744	2	
146.085	153.101	12.5584	1	
176.561	267.627	12.5562	1	
31.1647	39.8027	12.4649	1	
192.807	44.6911	12.4604	2	
175.023	19.3186	12.4466	1	
41.7337	226.585	12.4226	1	
212.621	155.51	12.371	2	
188.616	151.718	12.3289	2	
87.4948	54.663	12.3051	1	
195.262	23.1893	12.2301	1	
258.765	295.595	12.2092	1	
272.99	56.5273	12.153	1	
45.409	136.089	12.1396	1	
216.105	213.747	12.1383	2	
34.4186	63.6954	12.1234	1	
239.762	19.6876	12.0796	1	
120.765	181.556	12.0021	2	
91.8324	44.2436	11.9591	1	
53.6675	24.9091	11.9038	2	
190.179	40.1194	11.8507	2	
31.5068	159.072	11.8321	1	
82.644	219.622	11.8132	2	
193.003	33.8515	11.7882	1	
85.7279	272.527	11.7477	1	
172.833	22.6591	11.6958	2	
111.06	191.611	11.6946	1	
288.651	102.317	11.6936	1	
244.158	1.68379	11.6695	1	
58.1919	128.149	11.6683	1	
111.241	184.651	11.6368	1	
237.935	53.9663	11.6249	1	
138.709	190.279	11.5962	1	
148.914	129.697	11.5673	1	
130.894	197.646	11.509	2	
298.509	294.969	11.5067	1	
15.7955	258.927	11.4822	1	
221.432	60.9601	11.391	1	
41.3856	272.573	11.3845	1	
83.312	287.854	11.3654	1	
16.8638	252.457	11.3171	1	
263.703	55.23	11.3103	2	
129.457	74.9472	11.2803	1	
106.125	198.969	11.2323	2	
129.8	173.005	11.2127	1	
223.832	297.958	11.1989	1	
59.591	113.572	11.172	1	
151.054	247.336	11.1297	1	
243.124	296.997	11.1285	1	
185.654	273.479	11.1015	1	
149.227	198.66	11.0965	2	
2.67071	119.65	11.0885	2	
188.596	40.76	11.0567	1	
206.582	63.1927	10.9565	2	
277.275	261.313	10.9476	1	
103.081	249.045	10.9401	1	
174.148	254.486	10.8722	1	
115.443	289.177	10.8595	1	
63.1503	172.49	10.77	2	
195.524	25.354	10.7593	1	
84.3891	105.005	10.6133	2	
25.7053	289.012	10.5941	1	
204.706	204.272	10.5821	1	
132.897	63.5188	10.5681	1	
218.077	277.67	10.4749	1	
144.262	27.682	10.4237	1	
121.152	177.973	10.4205	2	
243.783	142.242	10.3721	2	
296.238	27.2682	10.3433	2	
11.1517	37.0456	10.318	1	
251.443	147.108	10.2962	1	
258.498	171.554	10.1998	1	
232.679	252.628	10.196	1	
263.096	164.29	10.1904	2	
186.698	169.947	10.1683	1	
66.3869	167.902	10.1635	1	
176.116	262.477	10.1591	2	
79.3511	250.816	10.1587	1	
218.918	94.5758	10.0856	1	
140.528	172.589	10.0841	1	
126.898	204.127	10.0045	2	
